2.635737455776075766e+00
3.023724383450261399e+00
3.249024316354602426e+00
3.173172098575032241e+00
3.293005696448192410e+00
3.181460252705193170e+00
3.345867452587978352e+00
3.399315852979047037e+00
3.608127739280678981e+00
3.323186720651465365e+00
3.504533690257382705e+00
3.413329416443041886e+00
3.461667734233252247e+00
3.256227505814786038e+00
3.311234971942939698e+00
3.197293801159387439e+00
3.182064518245756091e+00
3.064587257095613637e+00
2.853442244703208619e+00
2.726264217731266815e+00
2.596219463140471806e+00
2.609840933370956240e+00
2.433361203860613386e+00
2.354919580337357043e+00
2.285586982147051138e+00
2.293990523294699102e+00
2.323928855227684220e+00
2.221999563937026689e+00
1.983403115528238114e+00
1.785312617955972847e+00
1.691103219033009530e+00
1.780068653419912383e+00
1.682287222318049391e+00
1.558727830163977091e+00
1.415542799664353923e+00
1.239335781529965264e+00
1.180421523919721327e+00
1.131996597079688138e+00
1.209589949466019831e+00
1.090746301195777423e+00
1.030672662173365950e+00
8.933682881440967449e-01
8.884009173080317234e-01
8.047244824520914941e-01
7.533232961815602424e-01
6.834864221192660239e-01
6.362528972209825495e-01
5.704707054652039533e-01
5.062826150720642904e-01
4.710136093381496192e-01
4.315010230163572325e-01
4.061459963099914305e-01
3.756634948407425734e-01
3.456648528527060393e-01
2.985054920847752258e-01
2.689219620549496148e-01
2.088157292340967197e-01
1.851190307887822517e-01
1.707760740652881359e-01
1.572481995562505785e-01
1.430507418401518738e-01
1.376037348819943162e-01
1.274894352883239601e-01
1.154621568612613364e-01
1.048368950824127704e-01
9.924960356051629184e-02
9.620330991454362213e-02
8.860695623911386820e-02
8.372263180097340440e-02
7.819828672454119667e-02
7.554615537831731176e-02
7.091104567606491826e-02
6.755327134691088697e-02
6.301829300356925900e-02
5.877157821829408907e-02
5.465768522061296292e-02
5.151673160668572560e-02
4.792443004254576949e-02
4.452960153091097689e-02
4.107647444255349556e-02
3.875395336074526770e-02
3.658826468175638974e-02
3.505424831582386325e-02
3.357380615891373404e-02
3.156205788917643140e-02
3.019731262787416631e-02
2.907941568167770469e-02
2.843757593326159266e-02
2.564807217674701378e-02
2.483359429014436043e-02
2.429290084881742182e-02
2.562175973077291530e-02
2.441172440832498070e-02
2.404651319205503360e-02
2.399060773463910709e-02
2.362855378301162435e-02
2.337150950814700576e-02
2.374524586080921026e-02
2.250833480732453845e-02
2.203813528642597358e-02
2.246204029461902271e-02
2.323256414477437720e-02
2.524182766220494506e-02
2.570219907362803619e-02
2.615347939780799172e-02
2.708964234879628757e-02
2.802972107217321582e-02
2.845692386216193068e-02
2.963306458411328961e-02
2.939609191948053951e-02
2.948943266473816674e-02
2.944475696863815134e-02
3.124206363755791319e-02
3.221351073785094082e-02
3.344100683485413950e-02
3.502381603801280746e-02
3.588677825439254981e-02
3.717548368475612902e-02
3.822585578472502410e-02
3.941530669312492963e-02
3.831453746804001914e-02
3.882872918394843220e-02
3.971823307973347539e-02
4.098892196845948382e-02
4.187128183856524827e-02
4.444339040939587759e-02
4.255996164837300144e-02
4.088181849702947346e-02
4.079409257115436394e-02
4.359650541438767068e-02
4.296205920536990547e-02
4.086834332054817276e-02
4.259327769434487904e-02
4.427676300088054934e-02
4.584343486121884165e-02
4.763503144678689349e-02
4.856916262621902014e-02
4.808834442827315814e-02
5.065890584365777272e-02
5.103177118844004490e-02
5.473817838158294424e-02
5.495257395804937356e-02
5.426546440992181808e-02
5.261594447362628185e-02
5.499015569420735022e-02
5.600513840825892958e-02
5.501533513012164117e-02
5.656498608566427194e-02
5.886391453152305109e-02
5.973276672015714189e-02
5.578187168745804558e-02
5.632545086486857866e-02
5.831034812595488337e-02
6.311924843081388736e-02
6.128169553482587517e-02
6.132241063712982193e-02
5.786717358612732814e-02
5.664278584365403657e-02
5.928939184903526255e-02
6.384457812980863511e-02
6.442896210608668739e-02
6.576264490841476906e-02
6.783175976533105389e-02
6.871224551687002413e-02
6.655037814868193513e-02
6.477717339717997680e-02
6.444693531104797590e-02
6.183573556072199939e-02
6.299089015704893713e-02
6.817430570365110021e-02
7.217290208365363668e-02
7.136706779307847026e-02
7.610263440919690092e-02
7.758055911016817352e-02
8.095635212312908557e-02
8.139414697199075233e-02
8.227458178785120035e-02
8.390684016460234207e-02
8.679650113663349431e-02
8.827238415324223375e-02
8.821446417349397551e-02
8.657867490901130503e-02
8.083429080588810933e-02
7.930700109480855187e-02
8.378132198528825958e-02
8.798845204099986494e-02
8.843563631673377612e-02
9.111378684511388382e-02
8.961340123256941737e-02
8.799427985026550547e-02
8.680300155181550070e-02
8.665431045214158634e-02
8.675906047903340912e-02
8.685065482024464933e-02
8.789092276811201476e-02
9.025361797762071481e-02
9.179636774334805349e-02
9.146757678108165257e-02
9.025568241657173918e-02
9.038344369960395197e-02
9.329054316766731414e-02
9.249614970697293825e-02
9.121120644850445880e-02
9.051458435663668756e-02
8.522412172891183357e-02
8.170237435441408957e-02
8.059682544423472927e-02
8.227047626131687996e-02
8.079097770207893658e-02
7.827829212117824731e-02
7.728656112331032391e-02
7.716211746072577926e-02
7.673256539454238745e-02
7.617186966407239745e-02
7.707385667713145816e-02
8.183418959789291736e-02
8.726848127588937576e-02
8.187494653294845326e-02
7.914997389508059145e-02
7.944876279648685480e-02
8.296149216539719373e-02
8.575388080482908293e-02
8.912136551579123711e-02
9.270951192425722076e-02
9.262343838300569898e-02
9.142531209263671244e-02
8.976099833742015588e-02
8.872768541982824220e-02
8.926026643277819306e-02
8.737030944469649507e-02
8.003753668442831204e-02
7.831313513723096864e-02
7.685311130682968839e-02
7.543131237909871112e-02
7.646500456337648743e-02
7.746951076639616018e-02
8.083793584651111086e-02
9.109691608665003437e-02
9.342634861767115662e-02
9.407612606638759978e-02
9.531102495844953615e-02
9.926038119691484030e-02
1.014455192633798991e-01
1.014912297267942659e-01
1.011192889203897799e-01
1.015859322817603966e-01
1.021525999777679744e-01
1.018416377348791285e-01
1.015269987592726242e-01
1.012158629026855966e-01
1.007291213560387449e-01
9.596202381866408837e-02
9.131595594147844108e-02
8.894961755578699447e-02
8.881121345619351348e-02
8.746807743295931248e-02
8.622208773767772727e-02
8.636632245200245861e-02
8.496982002380824850e-02
8.492579185122905994e-02
8.710222748209295318e-02
9.021750095449956874e-02
9.353827048259762134e-02
9.538912134964326606e-02
9.176786227374680860e-02
8.494841061190024079e-02
7.835967273586455506e-02
7.412166621055166216e-02
7.652607903631801489e-02
8.150239169382372806e-02
8.658348651616461222e-02
8.474648771642388778e-02
8.714492385118979834e-02
9.072025545334869157e-02
9.213801541747031199e-02
9.329151675162691837e-02
9.446640799409999900e-02
9.365291570235138863e-02
9.523900547925699678e-02
9.966004483335468012e-02
1.056365664380674307e-01
1.075121148526099468e-01
1.111084938330204053e-01
1.155573126099065234e-01
1.195714002300751894e-01
1.176169406112508031e-01
1.155581488916469918e-01
1.142235923987370422e-01
1.081811238048098200e-01
1.034140291637929004e-01
1.009081243035100939e-01
1.011974522620064931e-01
1.094438822591371763e-01
1.137230469545473521e-01
1.056367043964933083e-01
9.939694307917830429e-02
9.695506211514352823e-02
9.726877749138071461e-02
9.766573410983496462e-02
1.004741086416097023e-01
1.092274363875585519e-01
1.212423827597871873e-01
1.148510106040004641e-01
1.069764147455882081e-01
1.042723560664138294e-01
1.046917907612506526e-01
1.036407124026118703e-01
1.017232734361275676e-01
1.063016004842239903e-01
1.202291871330628537e-01
1.362003807766676844e-01
1.471604704958424659e-01
1.563076544485701991e-01
1.630545128309277003e-01
1.672955208481825551e-01
1.641235867608210608e-01
1.625615231524681070e-01
1.592064761879955770e-01
1.453327833916773504e-01
1.372974735469827401e-01
1.313287726623394436e-01
1.267630711283488920e-01
1.406588243381090841e-01
1.461321887210772497e-01
1.416640144292388992e-01
1.406081962333540214e-01
1.427631981436017494e-01
1.444307583052117372e-01
1.418952034311203314e-01
1.377160943935101522e-01
1.381539267357747014e-01
1.445634241087000449e-01
1.324712273454488054e-01
1.223249865273616926e-01
1.152241449861445277e-01
1.077103223015571931e-01
1.106891601857403484e-01
1.193949455472511634e-01
1.305119822676667207e-01
1.435987960731900936e-01
1.511463409222875975e-01
1.500206037330001629e-01
1.494433374277014948e-01
1.507649124243415906e-01
1.547344325704247958e-01
1.566998891643813507e-01
1.600475208554394679e-01
1.639022284519643935e-01
1.670092461264649220e-01
1.592866750388942099e-01
1.528562671663544204e-01
1.499634032709223352e-01
1.537303000471239856e-01
1.533662487969910393e-01
1.526528531937330346e-01
1.563381295044634633e-01
1.625543543805103852e-01
1.543027483416961887e-01
1.254512578592520966e-01
1.053622785820983593e-01
9.782952800702349183e-02
9.916840554405412234e-02
9.576981863703525055e-02
1.057922128977289988e-01
1.245195805758300411e-01
1.437011164193814916e-01
1.380467072963788011e-01
1.312393879797717766e-01
1.291941194755993061e-01
1.421393146056892098e-01
1.518024119410600337e-01
1.614335932413232810e-01
1.819418368082844628e-01
1.991412171600703829e-01
2.051377415893410050e-01
1.894875600973719154e-01
1.827635321194618634e-01
1.792364896887497783e-01
1.785739534924789540e-01
1.762180836574329112e-01
1.828964991468726431e-01
1.946093291729204533e-01
2.112977605191499464e-01
2.055399529251461244e-01
1.969059054889260030e-01
1.919627513926736306e-01
2.083052863457013071e-01
2.094192962952624582e-01
2.001197245947260450e-01
2.053732613577902155e-01
2.129841894255213308e-01
2.180585262594177121e-01
2.139265782395687598e-01
2.112146841446203016e-01
2.170044177633384530e-01
2.358638850281111754e-01
2.232066872340805475e-01
2.153988068566132785e-01
2.128505123262293686e-01
2.144220469746306312e-01
2.082632277513822017e-01
2.006664084362806688e-01
1.937546974644560882e-01
1.897167497735792463e-01
1.809571904407774601e-01
1.678936457766103674e-01
1.629563518706492464e-01
1.619439857334782351e-01
1.636410016279706836e-01
1.667715164059150601e-01
1.764268413504356536e-01
1.766017578207006444e-01
1.776656622789399009e-01
1.799888103219273450e-01
1.828827338842754779e-01
1.851039008382284745e-01
1.885163323057063856e-01
1.908079993331412982e-01
1.929716812281921656e-01
1.928866189045699286e-01
1.924728826496427958e-01
1.945719071489620533e-01
1.982357703433960394e-01
2.048829367577969518e-01
2.160966393895421833e-01
2.319134849077592875e-01
2.479264031496861420e-01
2.666211795662717932e-01
2.668166278695209281e-01
2.690755555638964513e-01
2.725561536569886534e-01
2.788148748852691261e-01
2.891625297671851502e-01
3.002316885294973869e-01
3.127171159453918658e-01
3.272091085757351525e-01
3.325272397032636440e-01
3.216301185162226406e-01
3.119236297691502235e-01
3.014254517323504134e-01
2.920207677809907865e-01
2.886733815884202081e-01
2.920779340365255994e-01
2.960660996102624787e-01
3.025304952382722457e-01
2.767685837344484590e-01
2.492147742202950322e-01
2.327144806109618658e-01
2.233001240304008372e-01
2.196539660673740291e-01
2.143810484578697884e-01
2.103700576668995625e-01
2.083376016374011153e-01
2.076106154640753043e-01
2.041103518892753710e-01
2.006741831287982836e-01
1.986493606191212236e-01
1.935645356573613141e-01
1.887575937015062988e-01
1.871169037453878359e-01
1.864761479308166270e-01
1.867343700714345356e-01
1.893553058961514879e-01
1.967497754714225278e-01
2.004261838498953285e-01
2.033698717531649269e-01
2.103689287544885100e-01
2.189249499942543531e-01
2.306331063935748160e-01
2.445756436323894556e-01
2.584566552859418054e-01
2.508805001490413411e-01
2.467322098206793102e-01
2.528743866669524443e-01
2.578565603965183861e-01
2.643956535334002766e-01
2.788461110357944861e-01
3.004907191498000230e-01
3.293108774017023399e-01
3.383359529398873855e-01
3.432435377734704418e-01
3.509956471961092062e-01
3.616956477302376016e-01
3.750436823302756850e-01
3.809050164655585213e-01
3.840236221481326262e-01
3.878665141727406507e-01
3.812361359161105523e-01
3.296396407870561540e-01
2.855743019987260212e-01
2.481642979114234426e-01
2.237782609294594327e-01
2.087020883399452742e-01
1.999319523528513554e-01
2.106064168603571651e-01
2.273295171971249362e-01
2.140066506778564581e-01
2.086137686302580452e-01
2.205416276690869704e-01
2.431697350826856896e-01
2.713626677891083361e-01
3.083359160130435539e-01
3.509152562285883792e-01
3.968370711271846929e-01
4.362532322484835579e-01
4.381850626367883583e-01
4.387763971277336417e-01
4.397914483198653857e-01
4.365267394061649875e-01
4.302037173240283452e-01
4.258141156987432230e-01
4.185257192570520091e-01
4.113719670181213983e-01
3.875166328959173678e-01
3.701432172783587493e-01
3.571516515902475319e-01
3.475868695329892843e-01
3.480417264438225855e-01
3.537341372315586652e-01
3.625601413716311727e-01
3.734468976649828464e-01
3.852277152805174687e-01
3.705536624650787036e-01
3.550636450129245336e-01
3.449798614894962756e-01
3.365048905675726565e-01
3.311984363790166364e-01
3.455518427389340785e-01
3.746319110524070628e-01
4.146031043673724659e-01
4.220966674404797447e-01
4.224189173034376132e-01
4.241395971904617923e-01
4.217805484936568150e-01
4.349129318935778254e-01
4.466918624317451347e-01
4.619977049432124616e-01
5.030267914609071189e-01
5.592450393646992701e-01
5.689515031581562354e-01
5.692930724236484608e-01
5.773735235645934827e-01
6.022066476335807828e-01
6.462657261736357572e-01
6.771455192664694867e-01
7.067483675440798807e-01
7.335696132983422491e-01
7.135260145170070345e-01
6.750779668683202228e-01
6.415725799840038546e-01
6.090458129866764825e-01
5.601324160677657593e-01
5.476806662474553722e-01
5.597372658634661713e-01
5.690408546585068450e-01
5.872121938710870293e-01
5.230405048254253009e-01
4.739133463578428795e-01
4.488499646711606172e-01
4.492879538749877111e-01
4.846843452082266190e-01
5.064082103810072510e-01
5.276223728639066746e-01
5.535215637517012510e-01
5.509357228984360644e-01
5.206257785655141745e-01
4.978330408755526348e-01
4.773596019003720214e-01
4.564141225165717075e-01
4.542463943048338226e-01
4.724110239142880752e-01
4.881378400811845486e-01
5.206282797442433052e-01
4.898004237231852742e-01
4.679105960513881279e-01
4.595809841565274279e-01
4.623593818301054426e-01
4.734155965168607705e-01
4.854872319941597181e-01
4.998411824652355118e-01
5.187047559210787862e-01
5.299604236853100447e-01
5.331049620646546305e-01
5.441161151500646387e-01
5.610904028895739026e-01
6.118527889237325157e-01
6.779016833487528926e-01
7.595857795383152977e-01
8.931162905724500112e-01
1.034802486191505944e+00
1.007243781592212395e+00
9.974846782791085831e-01
1.015620894121925133e+00
1.047619300309927670e+00
1.081161776192035129e+00
1.105574278622397877e+00
1.130662710693598694e+00
1.159796463875837791e+00
1.206300086905764513e+00
1.205662499459011716e+00
1.202394783981527659e+00
1.192038707602622205e+00
1.143492035688485231e+00
1.083448696435449055e+00
1.026589043357272857e+00
9.735513874411415580e-01
9.178244118233211957e-01
9.262342232169020750e-01
9.842506870367558891e-01
1.044219251387245251e+00
1.105875286439910399e+00
1.169002290140806810e+00
1.153872470600312949e+00
1.135401791471424948e+00
1.130563500579736536e+00
1.132953653510170966e+00
1.060741391862328298e+00
9.880820604394788820e-01
9.223646383058857756e-01
8.609906391891505306e-01
8.150193722315474121e-01
7.792432118130295793e-01
7.350331015368563037e-01
7.146481056338341853e-01
7.248954566480005912e-01
7.541188841780250840e-01
7.808772673629609251e-01
8.092928084350063944e-01
8.578981534656852093e-01
9.265671120884599876e-01
1.010037611177003525e+00
1.104115311817279288e+00
1.154793029202630938e+00
1.039399606614512139e+00
9.325862298387864735e-01
8.396928928069610221e-01
7.553784475478408922e-01
6.884388450283924765e-01
6.627845050124490101e-01
6.510825211767061749e-01
6.605055969062676446e-01
5.998142372052829296e-01
5.850714843995556969e-01
6.494875793349859094e-01
7.625330861847927633e-01
9.274533234503123946e-01
1.116177372468693640e+00
1.326190529749577962e+00
1.556939331382357183e+00
1.724468981350033792e+00
1.648028805453515266e+00
1.585860855582684747e+00
1.492235616733859738e+00
1.428454410170248989e+00
1.390605620412501242e+00
1.342205207226052854e+00
1.294438148739035954e+00
1.255964336550506211e+00
1.205595771201348976e+00
1.162617702912613682e+00
1.123955200488488515e+00
1.090563061978123249e+00
1.071500489521201471e+00
1.126750156116943291e+00
1.209693732793274190e+00
1.279685716257981110e+00
1.353957638677430575e+00
1.251204289530953417e+00
1.128059577291760984e+00
1.009691930765122203e+00
9.107818107367937621e-01
8.314968492091100449e-01
7.566393310737844491e-01
6.878556324041381620e-01
6.307131833351298233e-01
6.360768345696770076e-01
7.022850964854281397e-01
7.965203210297369107e-01
9.241079492769276316e-01
1.114278981825508996e+00
1.331712702399973081e+00
1.573268893147201863e+00
1.861905820453020333e+00
2.149769189472301445e+00
2.111477799934597499e+00
2.087636493793310954e+00
2.000469346885740407e+00
1.933134163579857567e+00
1.905388662005115030e+00
1.884977565546946510e+00
1.864957689846116873e+00
1.849765062950135430e+00
1.910508471006930886e+00
2.038568996626574314e+00
2.170891961495118316e+00
2.302551176418829115e+00
2.362077860921635075e+00
2.417190592193610765e+00
2.459913748984837056e+00
2.427875892848088135e+00
2.407532214592172259e+00
2.367678765002794172e+00
2.347106420784433212e+00
2.306343487813912851e+00
2.285060153277197248e+00
2.296501791013628502e+00
2.304800239984504895e+00
2.329368784998671948e+00
2.368978742379757474e+00
2.413350207510608136e+00
2.437232302728848055e+00
2.484088630697723676e+00
2.599432376060415884e+00
2.701046031532801983e+00
2.866380304963159986e+00
3.105851140212629868e+00
3.350684086810500339e+00
3.599534874639133797e+00
3.599956924397962332e+00
3.581050678466656034e+00
3.466193211418512998e+00
3.304538206345607243e+00
3.138590229257352870e+00
2.978209562339574568e+00
2.815168745811170492e+00
2.653326863038412586e+00
2.540884540910376188e+00
2.521045755860000792e+00
2.516279649993521161e+00
2.533081883037552107e+00
2.643008220668295216e+00
2.775452306345823850e+00
2.926701473997699310e+00
3.049538624138025789e+00
3.189541686844151958e+00
2.946490967152049834e+00
2.694570791099692553e+00
2.453669576127021745e+00
2.212382186794501049e+00
1.940161999571541784e+00
1.722461166345460315e+00
1.524047753242851355e+00
1.342983559906387958e+00
1.311098520410389545e+00
1.473376700685191443e+00
1.656123349872506978e+00
1.769067951826660989e+00
1.872868062315963034e+00
1.941696600041913801e+00
1.968938957386905830e+00
1.980314353337932376e+00
2.004267414895265276e+00
1.984854987528708259e+00
1.970488280645571466e+00
1.959485707163193702e+00
1.950752921213560143e+00
1.943204773083575532e+00
1.873853464418726356e+00
1.790777661968815826e+00
1.712077167081964113e+00
1.676750396819446376e+00
1.736069727382217653e+00
1.821649058533261645e+00
1.938388192182919800e+00
1.976648180430423452e+00
1.972996122883857062e+00
1.971703003332793358e+00
1.948601425879230797e+00
1.947015344290357497e+00
1.954995230901682923e+00
1.970711702539105215e+00
1.986981059547009876e+00
2.003796873650605548e+00
2.021152543062754603e+00
1.956012313881565268e+00
1.885941176899842420e+00
1.845558856119749125e+00
1.842552772999507704e+00
1.951837002911327446e+00
2.068909618133059958e+00
2.224693180950024107e+00
2.390022422787339007e+00
2.569416278738709813e+00
2.757300170733023581e+00
2.951042010283559058e+00
3.155075512267563997e+00
3.177854891537064130e+00
3.099084437551162807e+00
3.029426402792053885e+00
2.961683859795444906e+00
2.867286592281589996e+00
2.808138595303720120e+00
2.760998480421892332e+00
2.716230841266660700e+00
2.684443517527644207e+00
2.739389014847187109e+00
2.799289609970689430e+00
2.868175026964450147e+00
2.956658427249082344e+00
3.054993977317938203e+00
3.119650446635616525e+00
3.184639619069175254e+00
3.249664276735083845e+00
3.260615109535538014e+00
3.250850484800135831e+00
3.246347455272073468e+00
3.245634055624341041e+00
3.248252340934679072e+00
3.261829230429221127e+00
3.280233682503038484e+00
3.301886203889518701e+00
3.333439881144308004e+00
3.379273080984376065e+00
3.427820520002166305e+00
3.480856505109418908e+00
3.533406524517607838e+00
3.584466908037918120e+00
3.636715670260249222e+00
3.692634901456802510e+00
3.749524533852958363e+00
3.784862799282302070e+00
3.806778947451477269e+00
3.834673390711326402e+00
3.870708712932120488e+00
3.922805150966782062e+00
3.980152960489129033e+00
4.046242189719446714e+00
4.123309651108242768e+00
4.209662261231530422e+00
4.229751179530689242e+00
4.252304315465439188e+00
4.274435068856101694e+00
4.299262544542949982e+00
4.327691507682683181e+00
4.356949335362966913e+00
4.388871036182846019e+00
4.422432951886809960e+00
4.459470440181088513e+00
4.503987063292960613e+00
4.554077848373958126e+00
4.611048968693168604e+00
4.670524149959518923e+00
4.730009159208499625e+00
4.787090896358030534e+00
4.845348453691948443e+00
4.907317234661103811e+00
4.938006117874831347e+00
4.970856005190680271e+00
5.005318933562533879e+00
5.041784378890364238e+00
5.080616812171074415e+00
5.122347863185784611e+00
5.167334064383166670e+00
5.215268247751005504e+00
5.249800688405336757e+00
5.272321387238072532e+00
5.299288892688342578e+00
5.329191195315633678e+00
5.355389802094892460e+00
5.386273813048003234e+00
5.422110532797232096e+00
5.459845800540202632e+00
5.503889255212805587e+00
5.522954191002476421e+00
5.548069251168918470e+00
5.579646334891608106e+00
5.615717217025284924e+00
5.656090067917311615e+00
5.696703833125217997e+00
5.740031605126744374e+00
5.786727409821760482e+00
5.830607574182197439e+00
5.863050639981916667e+00
5.899308290071997973e+00
5.939606813399157303e+00
5.984335402083434730e+00
6.033231100549556025e+00
6.085913180464125993e+00
6.144235093673851900e+00
6.206875758600308046e+00
6.226454589559737407e+00
6.243807819840502482e+00
6.265931975146973976e+00
6.291575681137937970e+00
6.320793910413071259e+00
6.352074371727283619e+00
6.388807066617999020e+00
6.431284161522867748e+00
6.468390985512018965e+00
6.487333004560473348e+00
6.510429804519698216e+00
6.546931534151290144e+00
6.589815037024515654e+00
6.639880738209086530e+00
6.699261223438465862e+00
6.766456870973271087e+00
6.835307540099059054e+00
6.893644270916852612e+00
6.957262268875364697e+00
7.022314645170001590e+00
7.089948988555087261e+00
7.163038716452700960e+00
7.244527282867040618e+00
7.338323156552892357e+00
7.446083607081852129e+00
7.516262245312525181e+00
7.461560372888324189e+00
7.418417223319956122e+00
7.387273746926522833e+00
7.365131060014445730e+00
7.355657039840919786e+00
7.359960386793924059e+00
7.370357276228936882e+00
7.395869810349921636e+00
7.427664475554829338e+00
7.459982365559303830e+00
7.498939953103215039e+00
7.546472616842137882e+00
7.611311779303185254e+00
7.676072030395198809e+00
7.744564383292635412e+00
7.818304570029094513e+00
7.882440136564070166e+00
7.898453340973867753e+00
7.910698005270700328e+00
7.928697469623006810e+00
7.954719754058849013e+00
7.987204207698656688e+00
8.037158793014679503e+00
8.105420208509388047e+00
8.175168712484422784e+00
8.201959288209772936e+00
8.241129590035919605e+00
8.291862942687254545e+00
8.355550456679123883e+00
8.434529931849322537e+00
8.503744639590085086e+00
8.578272882962478363e+00
8.673024488693720002e+00
8.782317871534193188e+00
8.796782249288225941e+00
8.821359031094971215e+00
8.885114409792441492e+00
8.930758130911572223e+00
8.960943520356284608e+00
8.991435410186822352e+00
9.017304247152011953e+00
9.051891233652007429e+00
9.058732447322674020e+00
9.047006533049678723e+00
9.030721597057961958e+00
9.003702900933721054e+00
9.001741175761075908e+00
9.009591713555405335e+00
9.025401907441269245e+00
9.049218074288660318e+00
9.080641292666442155e+00
9.143825395367324305e+00
9.225094685202918754e+00
9.304674249761491822e+00
9.401846567947105271e+00
9.518576189868481308e+00
9.647334378184668324e+00
9.779979737390871009e+00
9.924843549643691532e+00
9.992004895471909620e+00
9.948688222119006497e+00
9.903745009487792572e+00
9.863383599719211858e+00
9.833792449648820266e+00
9.842717809414624597e+00
9.878690768716507975e+00
9.922269873990456901e+00
9.951674134308506225e+00
9.978596853481704443e+00
1.002111004531446348e+01
1.006945635136710493e+01
1.013181354164128045e+01
1.021474409444907216e+01
1.027624810246937415e+01
1.033537616004149484e+01
1.040063368474195293e+01
1.042214947909430656e+01
1.043299572086664817e+01
1.045578107912198895e+01
1.046343329975375447e+01
1.048358771209171536e+01
1.052360550327577116e+01
1.057429509141766211e+01
1.063181952176276823e+01
1.073113518383827447e+01
1.070139802465465628e+01
1.068339938271594747e+01
1.069432239451374578e+01
1.071863299745072595e+01
1.075083641556826919e+01
1.082367654879673680e+01
1.089497819836548587e+01
1.096815152474260202e+01
1.106005748085211948e+01
