-7.943131711182540577e-01
-6.895119627009789198e-01
-6.372264356384521600e-01
-6.363411275154491342e-01
-5.268581850517481957e-01
-4.001996121719590405e-01
-2.677524218684418922e-01
-1.564442888040709911e-01
-1.535749733893158608e-01
-1.247809653750150544e-01
-2.480166880359869000e-02
-3.101463968830067697e-02
-5.962509776140342138e-02
-5.199527813362804507e-02
-6.844356957945696429e-02
-8.198796415728115683e-02
-1.010256748054575021e-01
-1.466160522111727149e-01
-1.751716653519901357e-01
-1.667408176655259255e-01
-1.339262623630773918e-01
-5.194578526146587105e-02
-2.228192132251875183e-03
-1.932367650863060088e-02
-6.165546175384534200e-02
-1.267668829843058842e-01
-6.801001467908432407e-02
-3.193031336022205541e-02
-6.127983182879299419e-03
1.991307591846375874e-02
1.816492815796993954e-02
3.156563461208879845e-02
2.887410284689269011e-02
-5.181572839128112222e-03
-1.133455053650356606e-02
2.146142288185018399e-02
3.559387295044857263e-02
9.132887072760715111e-03
-2.657362602141181973e-02
-5.401823442109383172e-02
-4.412629909824664770e-02
-3.001429680571358546e-02
-3.747785133297056124e-03
-6.611856155314956365e-03
-1.096823130053557922e-02
-7.584061800654202240e-03
5.229754611182269378e-03
1.674923831585595343e-03
-6.647006913116031796e-04
-5.212296056640997391e-03
-9.667059844457060250e-03
-6.126995496312749243e-03
-4.657168450164207718e-03
-2.962257214597571742e-03
-7.064875048771335903e-03
-8.531586458703530745e-03
-5.610596022657836357e-03
-6.010651471551229155e-03
-9.524997537814690676e-03
-1.081395668628697994e-02
-1.213970354143036057e-02
-1.358008548227039418e-02
-1.332480769973677821e-02
-1.210810579567674246e-02
-1.180961708933693510e-02
-1.215996405502541532e-02
-1.228182141916193092e-02
-1.177495294861093285e-02
-1.119546020632512101e-02
-1.079062122975520122e-02
-1.048039155674833529e-02
-1.060221700808844023e-02
-1.109181049066877180e-02
-1.058260826689564130e-02
-1.041686996988472336e-02
-1.039845879189694143e-02
-1.032617231813492270e-02
-1.076233973039660528e-02
-1.127397813660370451e-02
-1.135990017461476626e-02
-1.128435326914460461e-02
-1.150516004900037706e-02
-1.161051485818928933e-02
-1.159400485655026104e-02
-1.159751386049397842e-02
-1.173447604990125910e-02
-1.239102552035905094e-02
-1.304848243780857772e-02
-1.286617863591715122e-02
-1.275887629203265039e-02
-1.294269238902559342e-02
-1.316430883391571209e-02
-1.301322844174896201e-02
-1.282582319245325307e-02
-1.259979177021206161e-02
-1.241173276831655792e-02
-1.228492409898940783e-02
-1.215053483989580324e-02
-1.204793948088538590e-02
-1.169557743320354462e-02
-1.139545529537748861e-02
-1.110995284244770641e-02
-1.087335160160100844e-02
-1.072179930446011745e-02
-1.048091675594995005e-02
-1.073205567932844842e-02
-1.079776892462642329e-02
-1.044848144564588556e-02
-9.963024122851665484e-03
-9.949516503443603041e-03
-9.869579394293694768e-03
-9.846767629111264145e-03
-9.732838380606009115e-03
-9.630612547415266095e-03
-9.536127268989271974e-03
-9.540001867976561495e-03
-9.491440160619774719e-03
-9.305607770574457135e-03
-9.363520476201994680e-03
-9.457548935718167529e-03
-9.514101034709955898e-03
-9.342138454134162398e-03
-9.549081597004800692e-03
-9.628713739895836121e-03
-9.698033239547940512e-03
-9.572490489737975339e-03
-9.814660210881568508e-03
-1.016713272689128388e-02
-9.908494707211720071e-03
-9.433248001925345280e-03
-1.014517071305020765e-02
-1.182186781340337223e-02
-1.229365556084140686e-02
-1.122476117724226924e-02
-1.043156322044489631e-02
-1.061332151196331570e-02
-1.039850800904678838e-02
-1.063097120756391865e-02
-1.078922047854377619e-02
-1.130987687845318168e-02
-1.185588605925720629e-02
-1.217639142854384966e-02
-1.281626177699273124e-02
-1.275271705634502782e-02
-1.217200786913595449e-02
-1.148585200951191335e-02
-1.126719906995676812e-02
-1.169542154434290507e-02
-1.259272232246872250e-02
-1.291338543966231295e-02
-1.214159676982479522e-02
-1.174366065968895576e-02
-1.238927237634017062e-02
-1.266938153835423311e-02
-1.194358874969310425e-02
-1.129547009500126743e-02
-1.160250604412455325e-02
-1.184366074863349265e-02
-1.191212473258811480e-02
-1.187829476848383491e-02
-1.195727534871535852e-02
-1.180515652765098435e-02
-1.189809515997493176e-02
-1.221315347016213235e-02
-1.272082610107588135e-02
-1.310795628414099072e-02
-1.351858593339301355e-02
-1.404186348797311495e-02
-1.460582553020846504e-02
-1.459678453794427747e-02
-1.498171162869996360e-02
-1.462496491443390431e-02
-1.402420053644911659e-02
-1.416520421284817553e-02
-1.446323565184999896e-02
-1.451659188385056275e-02
-1.481410727028922153e-02
-1.493658700210300817e-02
-1.502841432526474952e-02
-1.499819398285191091e-02
-1.448693459390329105e-02
-1.441635786635751121e-02
-1.561567927266510614e-02
-1.640946149058590195e-02
-1.566497112757404137e-02
-1.531817695852212557e-02
-1.557375400089343158e-02
-1.630134430042775098e-02
-1.672555778916072489e-02
-1.706903442628143058e-02
-1.708555026105088720e-02
-1.712024756451581767e-02
-1.683980428497590040e-02
-1.570914169897504042e-02
-1.546055589987743728e-02
-1.618365592937899555e-02
-1.657299108351047850e-02
-1.645288717312192242e-02
-1.661936042013103729e-02
-1.817463316418945971e-02
-1.921211559730890556e-02
-1.865833745002015709e-02
-1.778175721054623543e-02
-1.702095772535146961e-02
-1.686458793740298542e-02
-1.687581790343704521e-02
-1.703529747027657595e-02
-1.754546058786867618e-02
-1.732058173797052306e-02
-1.692751754863963329e-02
-1.737107888249287899e-02
-1.773889910663280917e-02
-1.776744980623299816e-02
-1.735872077504785685e-02
-1.696420362879479116e-02
-1.667902523138409254e-02
-1.663805833647862345e-02
-1.727418961646475307e-02
-1.705599530363658203e-02
-1.647361816782735855e-02
-1.583587026411392013e-02
-1.622185307023481932e-02
-1.648446925295270551e-02
-1.639685732953103520e-02
-1.486884761117039135e-02
-1.450516981018700781e-02
-1.467514560725985233e-02
-1.429351514981968586e-02
-1.444452834991284164e-02
-1.493689499458070342e-02
-1.563557692840327265e-02
-1.577942685894707237e-02
-1.536354305149793820e-02
-1.432798813751206407e-02
-1.378918451116278518e-02
-1.353535224409036127e-02
-1.333885827431099264e-02
-1.305247944262713164e-02
-1.369454621911733554e-02
-1.404612072772562503e-02
-1.383298803347886990e-02
-1.298579421122833012e-02
-1.287507208925129688e-02
-1.333266673707078805e-02
-1.352490828980425219e-02
-1.343762783657615270e-02
-1.310704309774154801e-02
-1.282553821133325216e-02
-1.269034885990883918e-02
-1.246220070329421593e-02
-1.213439059811045537e-02
-1.274346091639532753e-02
-1.273044484663288928e-02
-1.219745426088220466e-02
-1.135979251616552402e-02
-1.135401618740433140e-02
-1.165861299754371826e-02
-1.204375216393422862e-02
-1.162764698674395233e-02
-1.121968839451817183e-02
-1.081904684227613829e-02
-1.002098839110426853e-02
-9.515589412786705503e-03
-9.286820268831980432e-03
-9.355933235363942183e-03
-9.932753409929785324e-03
-1.063518295856225558e-02
-1.152345171459930040e-02
-1.105769532084119149e-02
-1.077196938339873220e-02
-1.061175691965364314e-02
-1.078856609543790701e-02
-1.079555178665271564e-02
-1.070672803799527575e-02
-1.053713606182619597e-02
-1.063591019093668502e-02
-1.041008837550740779e-02
-9.702363226174579372e-03
-9.490903965669010220e-03
-8.987148747260248829e-03
-8.327977862267311668e-03
-7.937341920705120318e-03
-7.368483618701393394e-03
-6.895631624331014127e-03
-7.187061045903030305e-03
-7.882466884640209476e-03
-8.792427497903881548e-03
-1.000750210553799993e-02
-1.085224618832955276e-02
-1.124952461127590349e-02
-1.147641859897543561e-02
-1.166789572209506014e-02
-1.205641990518863636e-02
-1.281556605310851978e-02
-1.411345076493246246e-02
-1.512880482728927618e-02
-1.565079708298521000e-02
-1.568179532045380076e-02
-1.560769950257001777e-02
-1.487504332402254936e-02
-1.389618046374084363e-02
-1.266953753811642970e-02
-1.220926137906461206e-02
-1.158803731545263692e-02
-1.038616509858935645e-02
-9.428516390141953099e-03
-9.188734936027433131e-03
-9.533366650652677285e-03
-1.009898702593567572e-02
-1.027056006430100872e-02
-1.007117897271425644e-02
-9.598604308159484205e-03
-9.438445070858881430e-03
-8.773634772066460016e-03
-7.710778598816456220e-03
-8.733658391965021250e-03
-9.487639048866897476e-03
-1.017281328048142558e-02
-1.206416977077082349e-02
-1.217533625711417732e-02
-1.172237511895566665e-02
-1.118228198783348046e-02
-9.796303037567042488e-03
-8.956683596284546051e-03
-8.883333798022271729e-03
-9.343595126240255774e-03
-9.690381574694834771e-03
-1.032917745817895847e-02
-1.204882366732445108e-02
-1.304056130583243489e-02
-1.384763745663798035e-02
-1.462206191499728324e-02
-1.515597716764567615e-02
-1.505402362299742246e-02
-1.462267413207526782e-02
-1.462453294740925086e-02
-1.533226564398686674e-02
-1.627354369992627808e-02
-1.724972926355633832e-02
-1.713604358880449832e-02
-1.692308970849594821e-02
-1.678793890250859094e-02
-1.649229547455623862e-02
-1.627585660419373845e-02
-1.649680220402295616e-02
-1.760161695109119240e-02
-1.858600688994542852e-02
-1.943525679954060531e-02
-2.009240409804617655e-02
-2.067826070099546693e-02
-2.183144910995031204e-02
-2.341372633863508454e-02
-2.506793199156541127e-02
-2.522098884683357176e-02
-2.474001112951089085e-02
-2.454576907639266156e-02
-2.492032849401541045e-02
-2.431970442263672177e-02
-2.192958618334348367e-02
-1.871036077240486803e-02
-1.634427160291059347e-02
-1.539518972906106682e-02
-1.763140430152095733e-02
-2.028463337253940887e-02
-2.272903132027074419e-02
-2.437517780004776202e-02
-2.448574423026860306e-02
-2.422633250461672660e-02
-2.381107057958159121e-02
-2.424594343510755659e-02
-2.527308375932786275e-02
-2.700788165886992484e-02
-2.996447060962740064e-02
-3.162428388054253081e-02
-3.220006320917219444e-02
-3.146669251014166252e-02
-3.086931787677448663e-02
-3.052724078629572013e-02
-3.051180862193646551e-02
-2.841961135466429186e-02
-2.764340698880133479e-02
-2.777938055321762731e-02
-2.861381952900591413e-02
-2.788577782856028336e-02
-2.686452526063271007e-02
-2.606086777177007985e-02
-2.833296420982407693e-02
-2.800735879213598137e-02
-2.538224460460072190e-02
-2.484982101493722964e-02
-2.470137601837090954e-02
-2.543027316470207813e-02
-2.802944184843029346e-02
-3.033596518963498079e-02
-3.337556265064987870e-02
-3.709340130751972997e-02
-3.506598008709938680e-02
-3.325101567184863410e-02
-3.177111682231946455e-02
-3.113454463699026273e-02
-3.165663872703539106e-02
-3.271787126417710634e-02
-3.369780065987126871e-02
-3.412811210614893898e-02
-3.338636052520842917e-02
-3.159414848334430453e-02
-3.189527640017792570e-02
-3.287068704402521663e-02
-3.432265850887093045e-02
-3.544216348814395456e-02
-3.782404643155823365e-02
-3.716309805427701202e-02
-3.610787839475022160e-02
-3.504875505775743166e-02
-3.445566715060009028e-02
-3.436406280311311151e-02
-3.448745409100716086e-02
-3.497283894491749756e-02
-3.553894514495523071e-02
-3.521015395208330900e-02
-3.458313483224605134e-02
-3.394266172542717563e-02
-3.312289775177391926e-02
-3.131958824477210079e-02
-3.025465037292899770e-02
-3.016406767337142733e-02
-3.002540233241816556e-02
-3.004478811610152358e-02
-3.036502163184748304e-02
-3.066533661758911664e-02
-3.091324070407991745e-02
-3.189580636146099879e-02
-3.410680618719642843e-02
-3.638660421965729530e-02
-3.854483730127229030e-02
-4.060463454234041619e-02
-4.149977714247639338e-02
-4.064203444282309813e-02
-3.978478427811657503e-02
-3.931728723922273822e-02
-3.884806074273244175e-02
-3.858549142522035846e-02
-3.853809878432784553e-02
-3.849053081919578956e-02
-3.821606001816597181e-02
-3.586108400443011046e-02
-3.417076944757498069e-02
-3.292646693555858345e-02
-3.177611403040943999e-02
-3.046319953074001080e-02
-2.869317728115626173e-02
-2.689107447369760290e-02
-2.517813263239251573e-02
-2.366278996157504186e-02
-2.136623245069902907e-02
-1.941756237699710300e-02
-1.746168339718086326e-02
-1.523785911966626244e-02
-1.304316496855612191e-02
-1.128050484151675061e-02
-1.054663571108849923e-02
-1.036873325037237364e-02
-9.802037076224514103e-03
-9.756063089733471236e-03
-9.184339359146673903e-03
-8.948322343383639105e-03
-9.836992284773360407e-03
-1.159118653582793569e-02
-1.376689846221566989e-02
-1.597108094799029945e-02
-1.791897617614383181e-02
-1.784782364314037306e-02
-1.812774553643190303e-02
-1.949655056221666002e-02
-2.078035997957274408e-02
-2.209069526864700095e-02
-2.436775296861082643e-02
-2.702112836403949142e-02
-2.997817928579986357e-02
-3.002888108565662101e-02
-2.995718276344937897e-02
-3.020494023556388047e-02
-3.072866315921644192e-02
-3.125843820721856126e-02
-3.089895181983220995e-02
-3.034135239509841778e-02
-3.002131870990182999e-02
-2.906855353954394469e-02
-2.420240763534753023e-02
-1.974983074406746336e-02
-1.528078199887716697e-02
-1.100347611906831238e-02
-6.711577478765468931e-03
-1.837500149604380474e-03
2.856031813271333285e-03
7.144378066769556737e-03
3.816236622575483114e-03
-1.654458006066579241e-03
-6.193411527652054223e-03
-9.871518492716294113e-03
-1.424009343851995527e-02
-1.888981134303554729e-02
-2.362783331450557175e-02
-2.838338311483728019e-02
-3.176479043486765685e-02
-3.149331836260982342e-02
-3.085508555121811367e-02
-3.021449166265997507e-02
-3.124019371664338296e-02
-3.312448901395347728e-02
-3.501575506946023875e-02
-3.638402181355959719e-02
-3.737936901787939498e-02
-3.259681513239411077e-02
-2.898049588312655300e-02
-2.549420813020834148e-02
-2.162445213422249310e-02
-1.834342229260006382e-02
-1.665314056187097366e-02
-1.535743434347053467e-02
-1.335831990207743056e-02
-1.425125511340885956e-02
-1.008291927387127036e-02
-5.853060683810404341e-03
-3.766751986671501920e-03
-1.855541430254603911e-03
-1.034861297409560505e-03
-8.018747521972938511e-03
-1.502846992105625994e-02
-2.203981445225660502e-02
-2.482041789337022242e-02
-2.660371955630403198e-02
-2.786500116768794374e-02
-2.761546621230255572e-02
-2.901727365122129532e-02
-3.016529981663443674e-02
-3.189362365161600710e-02
-3.759136422338210659e-02
-4.468291569985997913e-02
-4.684538308024681352e-02
-4.753207013438652540e-02
-4.945626328831083385e-02
-5.396882669489028866e-02
-6.122365364662292475e-02
-6.463121873181934540e-02
-6.683591714630413017e-02
-6.801696472953287775e-02
-6.177167611252807472e-02
-5.200147100098449077e-02
-4.255972961686019934e-02
-3.275971052550179230e-02
-1.791713130584193098e-02
-9.913260448723025878e-03
-7.458717382489234854e-03
-4.743280705169138252e-03
-3.364332745510693803e-03
-2.375428205475869133e-03
-1.584007202338035122e-03
-3.009685787815288057e-03
-9.705430716361172772e-03
-2.349156231596281549e-02
-3.228271288888743401e-02
-4.049197830236625495e-02
-4.880046211544789014e-02
-4.957646056652162403e-02
-4.237731853010814204e-02
-3.536501725402697166e-02
-2.832677468484595326e-02
-2.107813701232473177e-02
-1.847987720026941436e-02
-2.141195194224456561e-02
-2.224483463922031709e-02
-2.363599561107749061e-02
-1.260157883302963008e-02
-8.353203304448785643e-04
9.674285298118723633e-03
1.871225451057132588e-02
2.376352068700757214e-02
2.234299872409750004e-02
1.899086251476571688e-02
1.416611490767700696e-02
9.300534713334392481e-03
5.445088705910281456e-03
2.051694240635404572e-03
-1.354253741232836318e-03
-1.161600296185142170e-02
-2.235975353091702866e-02
-3.383274837631194271e-02
-5.125529338967338422e-02
-6.782878905476785736e-02
-7.036933592436706020e-02
-7.392123494868453604e-02
-8.001457052861030150e-02
-8.732330044726276108e-02
-9.465906826653307238e-02
-1.001093521393116303e-01
-1.055352006999960568e-01
-1.112229562260423910e-01
-1.156155440289991232e-01
-1.127216934912173146e-01
-1.102372241507200840e-01
-1.072635797167241778e-01
-9.695145224350402990e-02
-8.377861298840293125e-02
-7.055704215851434091e-02
-5.728655947634480466e-02
-4.469896439594575610e-02
-4.579467583197437824e-02
-5.727890016346501301e-02
-6.880560921112426065e-02
-8.037496014282842494e-02
-9.198711070787951583e-02
-8.702694985128449356e-02
-8.010106068196670703e-02
-7.481724927611468901e-02
-7.213254586362431720e-02
-5.239850106561055182e-02
-3.050548993870819126e-02
-8.531487850893519631e-03
1.531426581028662477e-02
3.657297644759995026e-02
4.953648651186269569e-02
7.127837649185848889e-02
9.619342235223557469e-02
8.817125610322441853e-02
6.996434254284428222e-02
5.017368710176579871e-02
2.880143169160642030e-02
7.376200944981172597e-03
-1.602585866433022671e-02
-3.979253012034897341e-02
-6.364712395249763621e-02
-7.496072497887720787e-02
-4.688921705408091029e-02
-1.797342603197170721e-02
1.176092582176552215e-02
4.025764505372544932e-02
6.755118618672330266e-02
8.751114734606060819e-02
1.078007266536877423e-01
1.288232373834751476e-01
9.932331738747517125e-02
5.242666764136205693e-02
1.006130435961697864e-02
-2.894051102565680864e-02
-7.173497288199913446e-02
-1.178234218623269991e-01
-1.663259342511030636e-01
-2.178562443542952365e-01
-2.536716107607900894e-01
-2.352121096680219181e-01
-2.194609513313860449e-01
-1.980064837622910190e-01
-1.835458607573360601e-01
-1.749915600914486169e-01
-1.642560881782154647e-01
-1.534809014819831230e-01
-1.444802985310347232e-01
-1.325347188225097506e-01
-1.229559115734083913e-01
-1.142919774744169253e-01
-1.067831757455656866e-01
-1.029556374587859285e-01
-1.168599486847352598e-01
-1.369133414867223786e-01
-1.532094657129708382e-01
-1.707235756508653224e-01
-1.523999290274102580e-01
-1.288818631224186717e-01
-1.052767945321810700e-01
-8.388764249418176333e-02
-6.462673684910777427e-02
-4.429445062168595182e-02
-2.090337237475802662e-02
6.159058114149780147e-03
7.064889754135639764e-03
-1.750778655405563558e-02
-4.515154573166341168e-02
-7.720771013933555582e-02
-1.244958186253443955e-01
-1.756033810640730275e-01
-2.304566732161949794e-01
-2.951421690690380073e-01
-3.582706314602822628e-01
-3.504163129004558286e-01
-3.452950631677962345e-01
-3.239543631684408398e-01
-3.057403974083026110e-01
-2.952367933791749666e-01
-2.874384973952980316e-01
-2.796671721645958564e-01
-2.728523281954837176e-01
-2.852727011367890420e-01
-3.161440630816267916e-01
-3.481279500593973397e-01
-3.798590625691453115e-01
-3.968613331273342371e-01
-4.127223914631655832e-01
-4.256631367428903578e-01
-4.212516025866734903e-01
-4.201913619119972410e-01
-4.117017396402320450e-01
-4.076130677818692871e-01
-3.973822915496897923e-01
-3.914808267309696777e-01
-3.935120550309845755e-01
-3.957349659627101279e-01
-4.020252291646432830e-01
-4.119530923014270152e-01
-4.222868368959771801e-01
-4.270457241781774327e-01
-4.378900075317442298e-01
-4.665225586199627794e-01
-4.913022198582699951e-01
-5.311849048294841058e-01
-5.871633977640393631e-01
-6.433489774217006074e-01
-6.996793248520686292e-01
-7.042652645017585256e-01
-7.036759346991530162e-01
-6.779708681422859096e-01
-6.362797109789509742e-01
-5.871455866428014758e-01
-5.396976911938023980e-01
-4.913301668361991226e-01
-4.425778589320478740e-01
-4.093703869554798369e-01
-4.069331771067665193e-01
-4.084403847123909137e-01
-4.157087301041436644e-01
-4.537012170155902968e-01
-4.986893487237600842e-01
-5.483103290620914283e-01
-5.892926188579461488e-01
-6.350031599263999960e-01
-5.666870714204537141e-01
-4.929627794385240125e-01
-4.221065883744572478e-01
-3.496301300206651197e-01
-2.654249500585554311e-01
-1.860888635088555620e-01
-1.019458473676950611e-01
-9.507923417903914320e-03
1.571179458191170400e-02
-6.361793242183400032e-02
-1.385475465803061024e-01
-1.800386565629995828e-01
-2.125728535262248198e-01
-2.304120758364668620e-01
-2.321277088400790500e-01
-2.269514348793446601e-01
-2.222527563690742947e-01
-2.094314534852864951e-01
-2.029290790268088729e-01
-1.962627555880437635e-01
-1.894800965293263195e-01
-1.826723457154582342e-01
-1.525616221752506274e-01
-1.163820533132417928e-01
-8.006864182766129656e-02
-6.319526104492886875e-02
-8.211818737547534053e-02
-1.099684645144897999e-01
-1.454447744801094788e-01
-1.446481157836292664e-01
-1.261226153029141872e-01
-1.075285816233339520e-01
-8.429789865569307927e-02
-6.911243716177940810e-02
-5.133846715733417221e-02
-4.923685609120422718e-02
-4.712747032936350638e-02
-4.501028111011878136e-02
-4.288525956537542899e-02
-3.232026000001145174e-03
3.979166307948767134e-02
6.750050873128536633e-02
6.846889310508393056e-02
3.544729806234640790e-02
-4.646361526570482424e-03
-6.348771670265486444e-02
-1.234580364414111647e-01
-1.847808332887764526e-01
-2.463304875662939430e-01
-3.140021400568352994e-01
-3.883849526174384392e-01
-3.902355269785844349e-01
-3.434525800632772241e-01
-2.996258248748435715e-01
-2.558143828640616624e-01
-1.984644114800395986e-01
-1.574094731660805047e-01
-1.192213732179989161e-01
-7.600897211146190324e-02
-3.771551321122181000e-02
-8.118771468904645294e-02
-1.188973949899707755e-01
-1.518352904992036068e-01
-1.888609148154283823e-01
-2.295990416969790060e-01
-2.606698584191201040e-01
-2.842790821871941098e-01
-3.022553746563619859e-01
-2.874113338533492712e-01
-2.599856856592966947e-01
-2.314030804852794110e-01
-2.002988446156601932e-01
-1.688482100640804062e-01
-1.415919949608467343e-01
-1.156860425965636624e-01
-9.045607805904869181e-02
-6.780058741266237199e-02
-4.497188443998834106e-02
-2.117056307991896022e-02
2.718808840052539325e-03
2.029088760103915992e-02
2.709774928458908577e-02
3.392979225842744639e-02
4.489347988199818978e-02
5.788259316357188822e-02
4.342244841065374256e-02
2.340715988367024665e-03
-3.996476885898458953e-02
-8.330584206919805501e-02
-1.340310793998727990e-01
-1.904697089145308275e-01
-2.502561046885939389e-01
-3.102636741337602144e-01
-3.714857840736888739e-01
-3.461454962255378631e-01
-3.243457770054518630e-01
-3.006334147335812390e-01
-2.798171342479187085e-01
-2.633264281981273491e-01
-2.480326315391068737e-01
-2.329547080269042669e-01
-2.190940661387702770e-01
-2.067207590301691766e-01
-1.987664416012089874e-01
-1.931707012049522221e-01
-1.883762010741537041e-01
-1.876619380699190431e-01
-1.915582982074204577e-01
-2.004532384261122346e-01
-2.158775293439411658e-01
-2.378214471494115023e-01
-2.303915651117559582e-01
-2.219241653503427336e-01
-2.159432206426818712e-01
-2.106872234121970888e-01
-2.058347399870162353e-01
-2.124228207221855458e-01
-2.130963850058776865e-01
-2.094510021600624328e-01
-2.073412581426316292e-01
-2.046139742027363317e-01
-2.006928876251068139e-01
-1.967572953877542719e-01
-2.042665916611436927e-01
-2.130463067993230153e-01
-2.199025000375551264e-01
-2.340016259284166678e-01
-2.455097166659867824e-01
-2.443014758453109780e-01
-2.359455263654794410e-01
-2.278610445305458698e-01
-2.179345140522732927e-01
-2.055083124510291293e-01
-1.995988967410702308e-01
-1.945161866117431082e-01
-1.886150704853008786e-01
-1.782453113830587965e-01
-1.704819674091042625e-01
-1.619143585042693845e-01
-1.533150546044493856e-01
-1.436089425978320788e-01
-1.330640631785408312e-01
-1.234612362078879311e-01
-1.062707928348381320e-01
-8.772097754295636596e-02
-1.102463288161512206e-01
-1.383190373817478058e-01
-1.634429535473339024e-01
-1.869927478466015536e-01
-2.098896662689204995e-01
-2.329537510908103182e-01
-2.565367911838730697e-01
-2.805884874548881802e-01
-2.939916222530954970e-01
-2.901430193813911984e-01
-2.863399346941125634e-01
-2.772931452024729460e-01
-2.696816435961527092e-01
-2.607439837500515334e-01
-2.483032964658480612e-01
-2.373647802849595534e-01
-2.274512998377715978e-01
-2.166043962110589804e-01
-2.047224703690198599e-01
-1.976525206302736648e-01
-1.938707382944345747e-01
-1.896097801132267391e-01
-1.786390762706901725e-01
-1.620582669905994422e-01
-1.410085689302683354e-01
-1.277155937419999221e-01
-1.398357140913224772e-01
-1.539264393366668593e-01
-1.680692917823737031e-01
-1.801045639640846130e-01
-1.902126429976811195e-01
-2.003581158383327399e-01
-2.183182828608474790e-01
-2.391990924222036352e-01
-2.458242073228318614e-01
-2.524193280027615671e-01
-2.572333645784449785e-01
-2.584027036253991327e-01
-2.480352851129504488e-01
-2.334674915053087108e-01
-2.178484588670190902e-01
-2.021716452110989548e-01
-1.949681792524825541e-01
-2.046785240264914763e-01
-2.203637304810569242e-01
-2.361069627565268170e-01
-2.494953213144645854e-01
-2.612816209422617053e-01
-2.657901239027020690e-01
-2.600504473184060417e-01
-2.566288535796863446e-01
-2.628669142126250358e-01
-2.540542790990261146e-01
-2.402320609987003697e-01
-2.203161331952362134e-01
-1.936793748377846347e-01
-1.739305421090329706e-01
-1.533140893324745069e-01
-1.247249096290154596e-01
-8.776169529516922307e-02
-8.751812866140531999e-02
-8.249106297711004954e-02
-5.879324614220007850e-02
-4.610731854808253899e-02
-4.388622784093273305e-02
-4.106213402225260961e-02
-4.303243716221079318e-02
-4.373476667893277936e-02
-5.153505779874874987e-02
-6.931307874891386167e-02
-9.459389467464875134e-02
-1.325428092847258377e-01
-1.669246212326886691e-01
-2.004724632033139109e-01
-2.341444119923948297e-01
-2.679409267204527212e-01
-2.989788040836769412e-01
-2.753299884995707436e-01
-2.455981349377970580e-01
-2.211709153970293773e-01
-1.839334077623749064e-01
-1.330974427169963892e-01
-7.888151536936982566e-02
-2.361456878971935833e-02
3.474366536181770770e-02
5.263391544135258282e-02
1.707325014479434480e-02
-2.251063799514639238e-02
-6.317080057673177262e-02
-1.039813812811958421e-01
-1.236505878659642232e-01
-1.282579323313083053e-01
-1.360706545482761320e-01
-1.570770040854960470e-01
-1.472736271092223437e-01
-1.352390889733310064e-01
-1.231600302914931111e-01
-1.063017937480815883e-01
-8.139312713003740707e-02
-6.875562814501985642e-02
-5.900900910508909136e-02
-4.945536246085905502e-02
-5.514166944326126529e-02
-5.782707432511796641e-02
-5.668200792534913712e-02
-6.345008869240831295e-02
-6.573338055384946033e-02
-5.861351206827849353e-02
-4.725055914938432189e-02
-3.584557014554088511e-02
-4.710307789244092339e-03
-3.372088424522965561e-02
-5.716909788148447774e-02
-6.800253668757709480e-02
-7.491267764062414791e-02
-8.151626656836746809e-02
-7.847270536366787730e-02
-7.789285933911130333e-02
-7.684345903719901061e-02
-4.804317512046092642e-02
