3.465039618366097898e+02
5.023669950242724553e+02
7.294308031553185856e+02
9.571446144831015772e+02
1.201067495274610565e+03
1.522711063684786268e+03
1.555006034476323066e+03
1.734011197546017456e+03
1.841682730329236620e+03
1.832495517656699121e+03
2.102627035254954535e+03
2.173740359610013911e+03
2.279311439873963991e+03
2.684346653042901380e+03
2.485026475718822439e+03
2.543760466483065557e+03
2.341918148868196113e+03
2.475608311769742613e+03
2.581536824796823112e+03
2.819640461600515209e+03
2.960979156711881387e+03
2.971318265043611063e+03
3.103685624895994806e+03
3.740881683852022434e+03
4.090083492174857838e+03
4.298627165411495298e+03
4.486213393735592945e+03
4.601241963141903398e+03
4.624511734399021407e+03
4.314508357984285794e+03
4.372808461562644879e+03
4.411807455136257886e+03
4.197464316656187293e+03
4.643159173510055552e+03
4.009241955970960134e+03
3.929314576044431305e+03
4.815319357187046990e+03
3.486122946035922268e+03
2.688564455849153546e+03
2.833542757010865898e+03
3.741768776543498461e+03
6.047726773600962588e+03
5.352077652409473558e+03
5.164090980439502346e+03
4.502633499546000166e+03
3.635878158540067034e+03
3.772275824416472460e+03
3.991633959284797584e+03
4.151503341026558701e+03
4.245206673826022779e+03
4.291054346928639461e+03
4.931682960827131865e+03
5.122528944329865226e+03
5.600707714385765939e+03
6.081431148172212488e+03
5.552067721112291110e+03
5.416732074000925422e+03
4.988240458906114327e+03
4.607627899977593188e+03
4.161839175571993110e+03
4.714502714084928812e+03
5.302073906835455091e+03
5.432086488123937670e+03
4.911475142849662006e+03
5.070149952714526080e+03
5.246064170579472375e+03
5.695965399081730538e+03
6.000545305773151995e+03
5.857286721150786434e+03
6.103821493648419164e+03
6.356979104958179960e+03
6.762849583323430124e+03
7.264593767896754798e+03
7.659697482532006688e+03
8.335201393229335736e+03
8.907202213153357661e+03
9.610991114896816725e+03
1.060031866379198982e+04
1.126512272596083676e+04
1.243790155050567773e+04
1.385412557593204838e+04
1.547407685951047824e+04
1.743721552390403303e+04
1.932433369876106735e+04
2.137761056094091691e+04
2.314366604870288575e+04
2.455442619390953041e+04
2.677707838976810308e+04
2.770445035971452671e+04
2.876046635417650759e+04
3.013479323703925547e+04
3.092171347080205669e+04
3.233512807832199906e+04
3.306228003684439318e+04
3.414287426005575981e+04
3.560733668000723264e+04
3.648728976971765223e+04
3.784557058886278537e+04
3.851768455184210325e+04
3.928216887220465287e+04
4.067815266723253444e+04
3.990730153753796912e+04
3.995431652736094838e+04
3.958109882507910515e+04
3.900637110848085285e+04
3.956582859417142754e+04
3.957679969307553984e+04
4.071823318774437212e+04
4.215919536873763718e+04
4.203987273918635765e+04
4.280868637224424310e+04
4.230584621458133915e+04
4.243190816918989731e+04
4.270466263595593773e+04
4.183284430001244618e+04
4.234297976715278492e+04
4.186500193161055358e+04
4.160471524986065197e+04
4.233705079607460357e+04
4.226465518729237374e+04
4.295683409609346563e+04
4.355365171395244397e+04
4.419475561283875140e+04
4.587832063291035593e+04
4.515479008499337215e+04
4.524122427424055786e+04
4.532990278032499918e+04
4.487962364173484093e+04
4.518244127914230194e+04
4.417846237500682037e+04
4.354373555977055366e+04
4.308721810691896098e+04
4.157596770566247142e+04
4.097282487813795888e+04
3.980112804311372747e+04
3.901832035995743354e+04
3.884306848598959186e+04
3.761657359635765897e+04
3.719818279975940095e+04
3.681489973348236526e+04
3.654684940457733319e+04
3.710033445080404636e+04
3.682173402139243262e+04
3.720517223408964492e+04
3.760410377222497482e+04
3.772099533793123555e+04
3.835017554314573499e+04
3.752831370952045836e+04
3.727678796774134389e+04
3.709548314448109886e+04
3.656530740910480381e+04
3.678675560588384542e+04
3.649507254894300422e+04
3.645590152985367604e+04
3.674252513436428853e+04
3.661237621451821178e+04
3.700735802070019417e+04
3.705432175191345596e+04
3.701915451179594675e+04
3.746064143621932453e+04
3.691491789096670254e+04
3.693419648932889686e+04
3.652107448998656764e+04
3.597086115428141784e+04
3.615294654883193289e+04
3.561779454063947196e+04
3.561139377208287624e+04
3.564544004017093539e+04
3.513687225252936332e+04
3.510548960108256142e+04
3.435278059403326188e+04
3.389450914685672615e+04
3.389427603780703066e+04
3.352226092643776792e+04
3.357567896206233127e+04
3.338446591337518475e+04
3.333552695218337612e+04
3.372336997049887577e+04
3.363434368642624031e+04
3.393775321501831058e+04
3.390747514166172186e+04
3.365682082899384113e+04
3.378366655677124072e+04
3.349033518332912354e+04
3.367506641374182800e+04
3.371650143970003410e+04
3.345597003438370302e+04
3.355704825885251194e+04
3.349792299784178613e+04
3.366529667241255811e+04
3.398486565757283097e+04
3.394011385097922903e+04
3.415241677211179922e+04
3.425055293098370748e+04
3.461705765533712838e+04
3.524726777094280988e+04
3.554684689396034082e+04
3.607510186763830279e+04
3.618504863843090425e+04
3.602479254734659480e+04
3.611299235643514839e+04
3.598781329420136899e+04
3.605621789793065545e+04
3.581080507811147982e+04
3.530460750396665389e+04
3.520604804393000813e+04
3.486495686106284847e+04
3.478199430676771590e+04
3.477999098934933136e+04
3.471540308191355143e+04
3.496056587361972925e+04
3.498825772057856375e+04
3.509910518852611131e+04
3.533153337628362351e+04
3.540154776804342691e+04
3.572879393282179080e+04
3.603948578595648723e+04
3.645297697090473230e+04
3.702410862428739347e+04
3.730389870195557160e+04
3.757174462137122464e+04
3.783071024832622788e+04
3.809479911983348575e+04
3.858874036754445842e+04
3.858927109331292741e+04
3.895623473588436900e+04
3.939457558300971141e+04
3.972527818729431601e+04
4.006625286604380381e+04
4.018775649932894885e+04
4.025574862218942872e+04
4.023959459668496129e+04
4.029872264820756391e+04
4.062500354643484025e+04
4.085303447999898344e+04
4.091784183812750416e+04
4.105700770317096612e+04
4.126436986005018116e+04
4.165615702336884715e+04
4.187019066113173176e+04
4.209099676039196493e+04
4.253185252096923796e+04
4.277856219987322402e+04
4.334305422372494650e+04
4.369857851599177229e+04
4.380089616757850308e+04
4.418955907279875828e+04
4.443940001802954794e+04
4.482524513399914576e+04
4.517180506483925274e+04
4.543740420950766566e+04
4.578440453760069067e+04
4.583279200242827937e+04
4.595922431979904650e+04
4.619505913449403306e+04
4.607229089893372293e+04
4.604121504755688511e+04
4.612274024671874213e+04
4.654600655085152539e+04
4.710299238306129701e+04
4.698909500621448387e+04
4.712218360755762114e+04
4.740730206909001572e+04
4.771355440841110976e+04
4.811010247909736063e+04
4.777994423818256473e+04
4.759812694789153466e+04
4.769619219473995327e+04
4.788701227608916815e+04
4.827132613537121506e+04
4.822990864521221374e+04
4.828787045934217895e+04
4.847784973433176492e+04
4.854625158992432989e+04
4.879703652237854112e+04
4.901364408954456303e+04
4.929245432636764599e+04
4.962211296775221126e+04
4.953672513276673271e+04
4.967123488533547061e+04
4.994227646462912526e+04
5.018712771165207232e+04
5.063825354056193464e+04
5.043655512048085802e+04
5.052300922007491317e+04
5.035291978259009193e+04
5.000852404566425685e+04
4.970084055897747749e+04
4.963247714977651049e+04
4.958459486581722740e+04
4.955464884092860302e+04
4.943271951733602327e+04
4.945819877121470199e+04
4.950153756415029056e+04
4.949509154089514050e+04
4.957383621097604191e+04
4.961760678451563581e+04
4.966136299950932153e+04
4.957641726704718167e+04
4.941596897628105944e+04
4.939549928251483652e+04
4.928405621384969709e+04
4.947265743645207840e+04
4.963421458340658864e+04
4.953933508789058396e+04
4.948653691006746521e+04
4.942654268865377526e+04
4.964518449305946706e+04
4.974105417086712987e+04
4.977669215537689161e+04
4.999523471047030034e+04
4.938450288719991659e+04
4.865286651608988905e+04
4.810426436422951519e+04
4.752414239532723877e+04
4.722208012107531249e+04
4.708068493417753052e+04
4.690312786237340333e+04
4.667570773145038402e+04
4.659266306091470324e+04
4.696078890304351808e+04
4.637599575745900074e+04
4.557373412142469169e+04
4.587012172840294079e+04
4.549368924681766657e+04
4.545666390062143910e+04
4.508270052071507234e+04
4.494903796346017771e+04
4.545159815027687000e+04
4.414631451969303453e+04
4.297606740604628430e+04
4.230482794004791504e+04
4.263182331335456547e+04
4.306179390269539726e+04
4.240809121571943979e+04
4.134037148531869752e+04
4.091280991795793670e+04
4.055631399190499360e+04
4.014322269801377843e+04
3.992273836352561921e+04
3.979222469938686118e+04
3.996641694452411321e+04
4.022638277920429391e+04
4.034679038845413015e+04
3.953457041463325004e+04
3.855360330701536441e+04
3.814025868528910360e+04
3.818045912752413278e+04
3.870876608162361663e+04
3.928945631786281592e+04
3.957785887382731016e+04
3.968663265530320496e+04
3.874390000019119179e+04
3.823360616198356001e+04
3.818730103948741453e+04
3.782567935960251634e+04
3.849211273235332919e+04
3.946943550136489648e+04
3.956927757917944109e+04
3.955986498222257069e+04
3.890261879860932822e+04
3.892433600388187187e+04
3.887293899540491839e+04
3.863450689021473954e+04
3.862827144116241107e+04
3.704543702552368632e+04
3.596910774225570640e+04
3.603745993544450175e+04
3.689482658389693097e+04
3.782955824329692405e+04
3.730976584963814821e+04
3.736623661176846508e+04
3.716009980902086681e+04
3.682687271213085478e+04
3.668711207627088879e+04
3.642721543940267293e+04
3.642198938125245331e+04
3.636781777834870445e+04
3.505621650225912890e+04
3.413079850699440431e+04
3.397582954875436553e+04
3.441252942744649772e+04
3.492142875269662181e+04
3.425860610841217567e+04
3.450154816351996124e+04
3.497142243179644720e+04
3.481132814970924665e+04
3.449485511048517947e+04
3.409443671372585959e+04
3.295736207056030980e+04
3.263252300007031954e+04
3.230902059101394480e+04
3.199114772008281943e+04
3.186629774148070646e+04
3.190035778775038852e+04
3.193182089939065554e+04
3.177923839486356155e+04
3.204403903567351153e+04
3.142628553179408118e+04
3.060738476255143178e+04
3.058780838861107986e+04
3.074188094550012465e+04
3.155315471055586750e+04
3.185311001083090741e+04
3.160951587198886773e+04
3.110093750415031900e+04
3.259877336015922629e+04
3.317439819335843640e+04
3.328386307191925152e+04
3.341122132902529120e+04
3.255105026070890017e+04
3.237916524898550051e+04
3.195683556736085666e+04
3.208162569069185702e+04
3.264204291756098246e+04
3.279512845071213087e+04
3.322431486511100957e+04
3.347243028966862767e+04
3.296825028935046430e+04
3.315583046506802202e+04
3.328955726412073273e+04
3.329361246681353805e+04
3.332355271359058679e+04
3.341550037877067371e+04
3.399778048965594644e+04
3.422214796160667174e+04
3.410827366125549452e+04
3.444904781092864141e+04
3.552892526318594901e+04
3.455201489051549288e+04
3.450501225697865448e+04
3.553080980097063002e+04
3.607940235870720790e+04
3.613542704126119497e+04
3.557971899294798641e+04
3.506383629900776577e+04
3.502097008831692801e+04
3.543407322389701585e+04
3.547004119173553772e+04
3.536232988514699537e+04
3.555956420511699253e+04
3.515379626164342335e+04
3.573723587540475273e+04
3.562310575858499942e+04
3.572206378598939773e+04
3.630313727349489636e+04
3.695123209860677161e+04
3.561856943494116422e+04
3.335078627252865408e+04
3.239536544937951112e+04
3.280069722571104649e+04
3.372182461878062895e+04
3.322745998785225675e+04
3.305253716109531524e+04
3.287896493773715338e+04
3.259711097951043121e+04
3.274207141895690802e+04
3.341446503122260765e+04
3.279734931064035482e+04
3.260204854557284489e+04
3.215118776864205574e+04
3.301422140838728228e+04
3.252148693947867650e+04
3.181276712341473103e+04
3.150618797441382412e+04
3.119330309134785057e+04
3.066634814708117483e+04
3.066575492000386294e+04
2.994752303183217373e+04
2.975905992597830118e+04
2.982304937200726999e+04
3.064818188659753650e+04
3.128329832294747030e+04
3.150486662153079305e+04
3.287055332825961523e+04
3.329582948769904033e+04
3.235964342994938852e+04
3.231992082448923611e+04
3.275257768533401395e+04
3.328338310287750210e+04
3.403524774086018442e+04
3.421084845599022083e+04
3.470884216372346418e+04
3.495953912459751155e+04
3.607919536652062379e+04
3.731201506616015831e+04
3.871273819179626298e+04
4.017659515715274028e+04
3.826494764837586263e+04
3.575189305018418236e+04
3.450788464062388812e+04
3.551465759636963048e+04
3.672607769211442064e+04
3.829048355300264666e+04
4.018171897255202202e+04
4.090328405502782698e+04
4.089133600370761269e+04
4.014223886196827516e+04
3.908634031521690486e+04
3.837278486154808343e+04
3.829445008717107703e+04
3.912148553025205911e+04
4.063273113951958658e+04
4.127507431311335677e+04
4.102869379022564681e+04
4.085831573057251080e+04
4.065832959133882105e+04
4.111666961890590756e+04
4.057526540433424088e+04
3.900833413239810761e+04
3.914314354943419312e+04
4.044535463478462043e+04
4.189760513914987678e+04
4.246426265832826903e+04
4.240132369383535843e+04
4.149955376889229228e+04
3.929245882463865564e+04
3.865115766881081800e+04
3.867495453948175418e+04
3.832380368222472316e+04
3.980762241020843067e+04
4.120696202832959534e+04
4.133376026762575930e+04
4.080830151193387428e+04
4.074689700694188650e+04
4.007864620492346148e+04
4.035157146844361705e+04
4.135949475481798436e+04
4.079592815424818400e+04
4.052221742182005983e+04
4.189578130197002611e+04
4.268290741843824071e+04
4.258438225446478464e+04
4.469465206224093708e+04
4.293726030185316631e+04
4.013417449812718405e+04
4.093945846230290772e+04
4.340238411454152083e+04
4.438349048163293628e+04
4.514791812408804253e+04
4.310374078136962635e+04
4.191872009410285682e+04
4.165874536046999856e+04
4.050532609179704741e+04
3.913095204180390283e+04
3.958380987208376609e+04
4.139575287064575969e+04
4.064234241128113354e+04
3.924189911647210829e+04
3.975890076729124121e+04
4.412261793104084063e+04
4.908511273438364879e+04
4.836378209463852545e+04
4.633474886043136939e+04
4.575600256353340228e+04
4.517580086236321949e+04
4.642306724359969667e+04
4.728750262239402218e+04
4.800864778178626148e+04
4.730322924011227587e+04
4.656952757908510102e+04
4.463152715933377476e+04
4.253126070720402640e+04
4.057323409532803635e+04
4.034958355604264216e+04
4.076893596712042199e+04
4.209416775029293058e+04
4.387704818968743348e+04
4.652742861067112972e+04
4.953960764365103387e+04
5.323538400170168461e+04
5.432061766692857782e+04
5.352914151862817380e+04
5.244852889907238568e+04
5.059936345371427160e+04
4.790313377542837407e+04
4.672015145257595577e+04
4.720556859852074558e+04
4.785919075453402911e+04
4.856335858236838976e+04
4.935810469267162989e+04
5.019560872430114250e+04
5.093146030355531548e+04
5.189532066146888974e+04
5.291190277419875929e+04
5.487518939746866090e+04
5.616556240188640368e+04
5.436913947380845639e+04
5.279849986040705699e+04
5.193542811874172185e+04
5.374917790747655818e+04
5.489757025584902294e+04
5.123788988226703805e+04
4.795002733042705222e+04
4.771963169060464861e+04
4.693403508861640876e+04
4.705679137257105322e+04
4.775132814653012611e+04
4.843594290054054727e+04
4.907655947977049800e+04
4.995331493898967165e+04
5.132738081444201816e+04
5.239665529027085722e+04
5.338879284829050448e+04
5.447663029689202813e+04
5.569983675757372112e+04
5.646711946823643666e+04
5.689172593314877304e+04
5.747537461026030360e+04
5.722622650150081608e+04
5.669966088523375220e+04
5.708638005101887393e+04
5.695399625280319015e+04
5.619588915307022398e+04
5.555442640102094447e+04
5.479252431156348030e+04
5.373325435379363626e+04
5.271198611931384221e+04
5.192140783139642735e+04
5.167068271135937539e+04
5.239811939535108104e+04
5.297357824937722762e+04
5.395007308227170870e+04
5.574052421856120054e+04
5.733715561215998605e+04
5.755227623074883741e+04
5.721590940045917523e+04
5.628759175006552687e+04
5.611421663356308272e+04
5.549521741027072858e+04
5.530771916563328705e+04
5.505090425248352403e+04
5.540680121416215115e+04
5.709805465308218845e+04
5.930638003487089009e+04
6.150314500546952331e+04
6.224174735375627642e+04
6.222685334663813410e+04
6.324674197187319805e+04
6.353558309480865137e+04
6.170946150123466214e+04
5.936377712563725072e+04
5.728282231763667369e+04
5.606290669810152758e+04
5.552124238762020104e+04
5.574003102017458150e+04
5.612345208125716454e+04
5.616698539824260661e+04
5.678173609848757769e+04
5.725010790482422453e+04
5.715386578132770228e+04
5.675590782763082825e+04
5.606968300534294394e+04
5.704406493654658698e+04
5.991216405014333577e+04
6.307344946611981140e+04
6.537329132733454026e+04
6.697185837776957487e+04
6.736235336441066465e+04
6.583606216481633601e+04
6.342930483665191423e+04
6.051861415018322441e+04
5.794260349805293663e+04
5.644142711173849966e+04
5.665425124112112826e+04
5.673100115698868467e+04
5.709592073999391141e+04
5.776303755776675098e+04
5.806782474500504031e+04
5.853972623422631295e+04
5.920338264779498422e+04
6.039832796371709992e+04
6.109588263793402439e+04
6.206233662675717642e+04
6.180397121107023850e+04
6.192886234079261340e+04
6.215353013261736487e+04
6.124212450944222655e+04
6.049687500785457814e+04
6.017429373658776603e+04
5.998014590664920979e+04
5.862340780235348939e+04
5.688274372247314750e+04
5.518836515019799117e+04
5.606568891988355608e+04
5.791091272941625357e+04
5.985049751145514892e+04
6.177305406551023771e+04
6.364324043923371210e+04
6.344455636330667767e+04
6.217562796027333388e+04
6.049858313442541112e+04
5.867895943274044839e+04
5.692594093192038417e+04
5.701076109829546476e+04
5.894102267137362651e+04
6.113037043063508463e+04
6.360288525058618688e+04
6.604908063057636900e+04
6.688111535730582546e+04
6.471916662682892638e+04
6.180233261922122620e+04
5.971175542517942813e+04
5.845923470253897540e+04
5.738600975884033687e+04
5.637196944192872616e+04
5.563094572225446609e+04
5.582643408066110715e+04
5.583522662287275307e+04
5.585476358649390022e+04
5.606415601673357742e+04
5.671177447219350142e+04
5.896209681698444911e+04
6.168745292597268417e+04
6.498589161920333572e+04
6.281449970752057561e+04
6.156856167491491215e+04
5.927919883247443795e+04
5.918729921772104717e+04
5.946381260065353854e+04
6.018896921413233940e+04
6.088450049668730935e+04
6.283228896220771276e+04
6.411146075226707762e+04
6.537575127127973974e+04
6.541738065761059988e+04
6.512739568300493556e+04
6.433143683806720946e+04
6.366792809059271531e+04
6.343426168494241574e+04
6.361564364894356549e+04
6.376909418081082549e+04
6.393546375115704723e+04
6.368091470668383408e+04
6.433260303925970220e+04
6.414839076704614854e+04
6.355247909875172627e+04
6.277239680372719886e+04
6.151585957239464915e+04
5.958799581708138430e+04
5.788032329303264851e+04
5.715105401847172470e+04
5.713188982591999957e+04
5.805883071683507296e+04
5.908566456359741278e+04
5.923435901935687434e+04
5.694359665299072367e+04
5.566748960512391932e+04
5.466401074041354150e+04
5.429200995490265632e+04
5.442221514113220474e+04
5.573492934569341742e+04
5.709630130243008898e+04
5.887707989982322761e+04
6.048507674504512397e+04
6.283356964576711471e+04
6.013890687312907539e+04
5.762408427734586439e+04
5.551726096777311614e+04
5.416766697025871690e+04
5.293799307567425421e+04
5.233327800575140282e+04
5.155437059571171994e+04
5.188427523181922152e+04
5.318909875431538239e+04
5.422811871015332144e+04
5.397216458429044724e+04
5.271904778018103389e+04
5.150127144308391144e+04
5.101862284805464878e+04
5.048771387307900295e+04
4.922165621769352583e+04
4.837199591080740356e+04
4.738138880780160252e+04
4.631780447290680604e+04
4.527477116531216598e+04
4.571213063536431582e+04
4.727091442567195918e+04
4.840712331641863420e+04
4.859633140542457841e+04
4.807308761980813870e+04
4.694613672486793075e+04
4.546731965887841216e+04
4.446882396173183224e+04
4.376978751908323466e+04
4.314597911376768752e+04
4.324447545410777821e+04
4.481588197624064196e+04
4.581402958181719441e+04
4.639368329060356336e+04
4.575742356705183920e+04
4.484350365834464901e+04
4.323740028339398123e+04
4.160523157168697071e+04
3.935793593868215976e+04
3.825591603892509738e+04
3.701901320195880544e+04
3.658338627736887429e+04
3.586183452819052036e+04
3.553274298409032781e+04
3.516403524897785974e+04
3.475529247265271260e+04
3.458733710410794447e+04
3.454336167773629859e+04
3.465836183343301673e+04
3.463335513487210847e+04
3.427625457061312773e+04
3.363836964251593599e+04
3.312086287625256227e+04
3.245791055614213838e+04
3.230787792991413153e+04
3.281305806615082111e+04
3.426828271312567813e+04
3.639622414753695921e+04
3.787363075657906302e+04
3.887519384589196125e+04
3.997947320295155077e+04
4.027071189907132793e+04
3.935474633272805659e+04
3.793473235664799722e+04
3.478387369166994904e+04
3.022898135261521384e+04
2.746585545030253343e+04
2.770467124363982657e+04
2.768713497924904732e+04
2.666066568398979143e+04
2.556367937506022645e+04
2.519047808792839351e+04
2.734697725778224776e+04
2.962672871935064541e+04
3.178476147632468201e+04
3.291139551069548179e+04
3.390631058993307670e+04
3.396277213103377289e+04
3.392936124554370326e+04
3.300372524576106662e+04
3.203620630616939525e+04
3.091983649557254466e+04
3.071404797000520557e+04
3.057217114352493809e+04
3.059858842357403046e+04
3.067317360190136242e+04
3.072800277852511135e+04
3.148616484747131835e+04
3.257160783977723258e+04
3.374977241205775499e+04
3.454260834380131564e+04
3.536649400434307609e+04
3.583302646396679484e+04
3.604050266513564566e+04
3.625395135753238719e+04
3.620053392537347827e+04
3.618350151513402670e+04
3.604987677654506115e+04
3.603726531451127812e+04
3.614249894940891681e+04
3.662965409880363586e+04
3.747852891022725817e+04
3.847449917802283744e+04
3.929870466896245489e+04
3.982822164437656465e+04
4.020280631802813150e+04
4.048452451177541661e+04
4.067253048289095022e+04
4.104336162530163710e+04
4.165863056949446036e+04
4.229573253639542236e+04
4.295927273265973781e+04
4.367416561914992053e+04
4.406715662188621354e+04
4.446582479734255321e+04
4.485748551309797040e+04
4.544251358738296403e+04
4.600757184465392493e+04
4.666072925161183230e+04
4.757928559733787552e+04
4.860245079721545335e+04
4.974031979957134899e+04
5.109994179141774657e+04
5.161775569667317905e+04
5.213399321271070221e+04
5.274592437992312625e+04
5.340714016294786416e+04
5.409145902918405045e+04
5.470858685058734409e+04
5.535218253678679321e+04
5.598960348772969883e+04
5.669401879735760303e+04
5.738953086288713530e+04
5.770928964570585958e+04
5.778122180513208878e+04
5.783070229143363395e+04
5.799075429474870180e+04
5.818390376403315895e+04
5.910271800572723441e+04
6.064777641288326413e+04
6.209832890409610263e+04
6.365970122782929684e+04
6.530800586507033586e+04
6.642145570656703785e+04
6.684192989827942802e+04
6.731282537840124860e+04
6.791677312126851757e+04
6.832576615581182705e+04
6.889715179800440092e+04
6.995193609435920371e+04
7.089088029493819340e+04
7.184309769333334407e+04
7.283502443462918745e+04
7.378157002423523227e+04
7.427059995649101620e+04
7.494731274330697488e+04
7.575173467117031396e+04
7.651352466805464064e+04
7.735248676822017296e+04
7.816467304151365533e+04
7.892164390811329940e+04
7.969604527376308397e+04
8.055491627226059791e+04
8.135324695476829947e+04
8.138906525875920488e+04
8.134901065425641718e+04
8.144486582594986248e+04
8.151493148447900603e+04
8.125055624549658387e+04
8.054164091744100733e+04
7.979038285172740871e+04
7.935732470353042299e+04
7.908958134011100628e+04
7.903551050644142379e+04
7.933251726393277931e+04
7.948096839491673745e+04
7.922552372191686300e+04
7.884276301322500512e+04
7.845417877423636673e+04
7.727622177635107073e+04
7.597613581794910715e+04
7.485947439074226713e+04
7.380215671592653962e+04
7.280126634079281939e+04
7.190271633184448001e+04
7.092094588914889027e+04
7.003742225556622725e+04
6.929385265123863064e+04
6.852377271909599949e+04
6.786371218691705144e+04
6.728796390703180805e+04
6.682964478641227470e+04
6.640047427557413175e+04
6.601917039167766052e+04
6.561045100877837103e+04
6.507904498629490990e+04
6.453893624351162725e+04
6.396365789103037241e+04
6.362481878639825300e+04
6.335058341232368548e+04
6.332505133082376415e+04
6.323112476293178770e+04
6.322431434690826427e+04
6.326246822282805078e+04
6.336074225581253995e+04
6.371842173926563555e+04
6.409316258504930011e+04
6.445857218371806084e+04
6.485668106791828905e+04
6.527330406897242210e+04
6.578800169760586869e+04
6.632008864805458870e+04
6.681227542302699294e+04
6.729217280617113283e+04
6.779283879115640593e+04
6.831065949315832404e+04
6.883820963042770745e+04
6.937187328727683052e+04
6.989632425831412547e+04
7.041737955455610063e+04
7.146892570817160595e+04
7.302041639172683062e+04
7.464028505566010426e+04
7.628641959823590878e+04
7.795683488481720269e+04
nan
nan
nan
nan
nan
nan
nan
nan
nan
nan
nan
nan
nan
nan
nan
nan
nan
nan
nan
