9.121678754660071718e+03
-2.919500341741228840e+04
-6.857382500168128172e+04
-8.770596716070456023e+04
-7.783339383267132507e+04
-6.739682404856446374e+04
-6.606546307473542402e+04
-6.154773781129108829e+04
-5.470967732773610624e+04
-4.802804062058457930e+04
-4.159164514752711693e+04
-3.960503958095834241e+04
-3.877075766858385759e+04
-3.847334649181067653e+04
-3.516070095354077057e+04
-3.092183494614126903e+04
-2.188900624506466556e+04
-1.239157987914772093e+04
-9.736675602942983460e+03
-1.269079652302294016e+04
-1.887290737275216816e+04
-2.408414759301754384e+04
-2.611255549178294677e+04
-2.450577706234255675e+04
-2.347297780220492132e+04
-2.210032674222791684e+04
-1.940417174630495356e+04
-1.736163197935786229e+04
-1.646375725362609228e+04
-1.453114948053801163e+04
-1.313560664194683704e+04
-1.542894647346047896e+04
-1.616559851481788246e+04
-1.796895700457178464e+04
-1.526288533551264118e+04
-1.246451176002191642e+04
-9.944754887431010502e+03
-8.183795143237985030e+03
-6.487454412986055104e+03
-6.064733042831117018e+03
-7.198706330597074157e+03
-1.076868230080864123e+04
-1.022642372777974560e+04
-9.668241461581774274e+03
-8.697348598502972891e+03
-7.574031883842399111e+03
-7.221721016052242703e+03
-6.421658264609116486e+03
-6.786314935296844851e+03
-6.699851209375004146e+03
-6.518635354432838540e+03
-6.966339732378416556e+03
-6.650645218071214003e+03
-6.042862650302407928e+03
-5.863022262574680099e+03
-5.150030165060342370e+03
-4.466895949599513187e+03
-4.085185447625759025e+03
-3.866077279251930577e+03
-3.508750282193245766e+03
-3.587358855310173112e+03
-3.173551542661550229e+03
-2.641919866419318168e+03
-2.290280919984831144e+03
-2.018836329486943441e+03
-1.729860425510484447e+03
-1.532486236991547230e+03
-1.386323238051947556e+03
-1.139871611459420592e+03
-9.356934856839814074e+02
-8.090127330404516215e+02
-7.006042113759035601e+02
-5.714371167709031170e+02
-4.903696294547503953e+02
-4.067837538406457725e+02
-3.231788705918990559e+02
-2.386982026693822547e+02
-1.691633525608600621e+02
-1.173113043632210264e+02
-7.973555078402416996e+01
-6.107638374515381230e+01
-5.091864900116646453e+01
-3.977251986729445576e+01
-3.445406040746574661e+01
-2.545056309520691329e+01
-1.755089012674488913e+01
-1.133473744891129975e+01
-8.625108842596670655e+00
-6.446545910107996491e+00
-3.879467174098846005e+00
-2.732537160425441591e+00
-4.355784832189353750e+00
-4.990968461686446034e+00
-3.738792042276205319e+00
-1.579996083760796255e+00
3.244513251050362701e-01
9.970403901666423652e-01
2.038969089666285761e+00
2.827306740542716135e+00
3.640904599942927256e+00
4.596619699537545678e+00
4.847202961360921769e+00
5.208602860698904102e+00
5.349186806982884512e+00
5.191365210259614393e+00
5.293189008733972578e+00
5.365022134527713149e+00
5.518725549299348998e+00
5.556749624164157630e+00
5.467981610249098345e+00
5.292809008503923884e+00
5.171834083055239617e+00
4.935198943065538302e+00
4.638459006503714122e+00
4.447762574977517147e+00
4.260384370458305092e+00
4.103699699660435130e+00
3.947782047018665974e+00
3.802313388922362147e+00
3.767579543849266965e+00
3.742732783827547038e+00
3.749392919775592858e+00
3.805036182802460143e+00
3.828986805057064124e+00
3.840684980664726744e+00
3.826169690871876305e+00
3.843292668422324976e+00
3.836227829557928626e+00
3.750122523587223089e+00
3.680218824648209708e+00
3.620512738585223378e+00
3.570767632149993265e+00
3.556316908196002657e+00
3.519289205535796938e+00
3.416664138799269779e+00
3.252176474644747017e+00
3.082499001885731449e+00
2.966411143672599504e+00
2.839932844224211550e+00
2.777023237311038173e+00
2.744384211293623643e+00
2.705458104358648974e+00
2.725236970426855088e+00
2.730324951997074479e+00
2.742644113084891089e+00
2.774336932337830852e+00
2.762138348373607499e+00
2.716310897579456984e+00
2.719614336951360567e+00
2.750301920613405837e+00
2.792916930454402369e+00
2.844757847742893642e+00
2.883867504845084362e+00
2.920715634352686330e+00
2.957171811830021646e+00
2.990474463821246154e+00
3.023643232675377490e+00
3.036956418845346395e+00
3.033895856300780736e+00
3.032590440197612480e+00
2.994247589217599703e+00
2.967785617979112445e+00
2.940990051209142919e+00
2.904808042013544700e+00
2.862910654962386836e+00
2.821381192383385805e+00
2.782058503634246449e+00
2.734996717263993737e+00
2.668562416049560682e+00
2.588579039420479511e+00
2.518091546255480484e+00
2.431645390161645270e+00
2.352735748275534444e+00
2.310684634358656009e+00
2.262914594346614461e+00
2.240964356372272093e+00
2.227977808264366200e+00
2.220675396904889354e+00
2.218172169030472318e+00
2.224539883622095093e+00
2.211738570790918956e+00
2.182298723067780610e+00
2.150466959446134751e+00
2.151038710991308278e+00
2.160273981004187327e+00
2.163468559179212214e+00
2.152462487295020210e+00
2.136981239540928890e+00
2.135244938439879281e+00
2.135963658769974849e+00
2.140390024286635384e+00
2.138506039314671092e+00
2.124798707009959653e+00
2.123065772457458866e+00
2.144288340098576828e+00
2.167592039407288951e+00
2.183200874539892755e+00
2.192515340753849351e+00
2.180966803468313397e+00
2.152596098854127504e+00
2.127284117743926561e+00
2.132113509546097685e+00
2.123509709587191541e+00
2.090771603493421615e+00
2.037391317448193018e+00
1.979987610894449190e+00
1.943488797347972641e+00
1.911103373916925197e+00
1.882374986707745057e+00
1.859075933743831177e+00
1.834754187311457008e+00
1.814155818722266167e+00
1.792791536030771793e+00
1.769732360570903662e+00
1.762794018188489131e+00
1.753325934155490762e+00
1.749104535892413104e+00
1.744256294499609616e+00
1.739985351048473960e+00
1.741289284837404416e+00
1.738582650461925727e+00
1.732356778846273704e+00
1.726438795539666282e+00
1.718289877180817937e+00
1.715758541877839827e+00
1.715509832873559404e+00
1.709125583586621699e+00
1.693130861321427760e+00
1.677114210086326107e+00
1.662400784020309441e+00
1.653421887016342628e+00
1.640068355821236556e+00
1.624839642878533663e+00
1.605462232816650792e+00
1.590873974871670038e+00
1.574806041535509848e+00
1.560142187312549167e+00
1.548955471816929830e+00
1.537469163144624007e+00
1.527466963144158862e+00
1.517622107520351094e+00
1.507817410369839406e+00
1.512220469722584948e+00
1.523096330538634913e+00
1.517776254975018446e+00
1.497809314035623229e+00
1.486021450458310689e+00
1.477173150696379667e+00
1.469617953656922271e+00
1.463003975642189758e+00
1.457002303407553656e+00
1.449734157475398799e+00
1.433234266004687729e+00
1.413603664846793340e+00
1.397578249120881466e+00
1.390020022687461276e+00
1.382762483698492861e+00
1.374551126650431110e+00
1.367671819869333172e+00
1.360512834924901826e+00
1.348395097992525882e+00
1.335729537423786084e+00
1.325989523311356777e+00
1.318939180132766786e+00
1.308357257378861105e+00
1.298743839541535605e+00
1.286873102740067498e+00
1.277778579143295623e+00
1.268266801426542800e+00
1.259077762244355858e+00
1.248078239543093826e+00
1.238581505763825419e+00
1.229860371593502810e+00
1.222323798897162250e+00
1.214795446156198944e+00
1.209980975278481585e+00
1.206782718987580827e+00
1.202107474111166141e+00
1.194776756801743334e+00
1.186983586234694021e+00
1.181223852885401548e+00
1.176304880885642001e+00
1.170971450710106998e+00
1.163233145642483812e+00
1.157395335009160142e+00
1.146688202326634043e+00
1.131840387755994604e+00
1.116153844738731804e+00
1.102963123933728529e+00
1.089362095412441001e+00
1.079744236521186895e+00
1.076317923220064143e+00
1.070666269838787210e+00
1.066671862473654864e+00
1.062859589772578994e+00
1.059132330069357808e+00
1.050591427956655943e+00
1.042836103375163193e+00
1.036356715631282732e+00
1.026746015525024536e+00
1.017337567299805512e+00
1.017531416689141821e+00
1.015966144791173420e+00
1.011755857102726308e+00
1.002096787629330299e+00
9.895425351121358570e-01
9.800166773110289276e-01
9.732843192902080887e-01
9.661801640010905246e-01
9.659166539116483818e-01
9.724151294887753982e-01
9.613834283495132915e-01
9.517564033498090437e-01
9.422533892640260200e-01
9.310943276139483915e-01
9.237234049778180189e-01
9.189172625401978989e-01
9.113913898384075063e-01
9.013488588386644462e-01
8.975724787834178375e-01
9.027542596428834720e-01
8.896885835693575384e-01
8.682806144415033955e-01
8.667605236400051094e-01
8.602512711531838940e-01
8.404705984052137646e-01
8.208646153202197038e-01
8.195221148321586435e-01
8.249480748469663061e-01
8.133852217893585701e-01
7.980840010182429500e-01
7.896859096756538854e-01
7.994651484731506441e-01
8.029521775773386105e-01
7.916359189146935371e-01
7.723308047434368495e-01
7.578816898955068604e-01
7.467047804645717823e-01
7.352749547004218122e-01
7.284026734677420123e-01
7.293633348599707356e-01
7.329901235912523738e-01
7.367974577797427038e-01
7.360718744538448099e-01
7.230661633806790833e-01
7.041957116861130572e-01
6.914029151959623087e-01
6.935699675127056096e-01
7.015447265204377558e-01
7.092964514196415937e-01
7.099276440791854048e-01
7.066967408616341428e-01
6.913811181195809175e-01
6.818925047027013520e-01
6.848396843386032051e-01
6.764112400134342229e-01
6.845132729407096273e-01
6.979298433937243251e-01
7.003036558114991150e-01
6.989247638006532704e-01
6.905939709030708418e-01
6.870081782247531299e-01
6.811089848543192549e-01
6.738713100391303668e-01
6.738680060337846056e-01
6.592335077796601661e-01
6.488161818282238702e-01
6.448891705681435438e-01
6.470044468006254101e-01
6.532431505772289260e-01
6.440865420528867347e-01
6.437432084689418410e-01
6.427009860805384944e-01
6.418447387051732234e-01
6.419781024750740306e-01
6.375286587706603392e-01
6.324457993472586415e-01
6.262471856493085909e-01
6.050602008710763702e-01
5.816004993313752536e-01
5.760497509105352298e-01
5.786496167287463743e-01
5.762611157389475602e-01
5.667053909249689658e-01
5.673994925440097870e-01
5.721456710044765526e-01
5.691403338095024633e-01
5.593326715658772930e-01
5.652745408018576834e-01
5.482157719487418257e-01
5.265674864963260093e-01
5.070625367909596948e-01
4.918389137236235942e-01
4.870567682089672057e-01
4.858718412661126029e-01
4.776450559879900637e-01
4.631412041137740743e-01
4.514652867338729836e-01
4.369477765782336376e-01
4.261239630799467659e-01
4.236221512736545458e-01
4.225956794834893060e-01
4.218131228632532315e-01
4.265833424442036503e-01
4.318212080699431743e-01
4.326574480981056348e-01
4.447263051354011232e-01
4.498264505849431938e-01
4.465059420807717117e-01
4.369208853349566546e-01
4.107973154814634764e-01
4.151286242400459292e-01
4.188729467327774181e-01
4.194848523029425236e-01
4.217188552740873675e-01
4.120429511743526896e-01
4.147634283497887986e-01
4.176254292667038182e-01
4.111097239783642610e-01
4.082404851190585826e-01
4.030701177879119634e-01
4.002336227451714357e-01
3.981881713720806792e-01
3.942726017687070983e-01
3.943007974387753301e-01
3.910588395902469538e-01
3.885592224083844748e-01
3.936243643488847033e-01
3.993246983183391663e-01
3.941305343935056493e-01
3.854731234834077314e-01
3.826111859296303930e-01
3.785446228136434832e-01
3.713653293608450423e-01
3.676264773346375470e-01
3.659525118717913972e-01
3.637852892329593302e-01
3.606876918160348278e-01
3.548183539896405114e-01
3.508811203338114137e-01
3.478106103945983740e-01
3.409121913913921165e-01
3.403873500157953425e-01
3.404817253236328001e-01
3.400982548246106463e-01
3.416256721830029375e-01
3.430500411456243182e-01
3.454429489693028321e-01
3.356446110677473449e-01
3.266367280745701707e-01
3.184899309797815103e-01
3.112764998509465753e-01
3.075806097833743702e-01
3.040112861262385113e-01
2.993718786468686499e-01
2.979465519429497777e-01
3.007212205580170328e-01
3.059874613665143350e-01
3.056809925778477544e-01
3.064074766809848360e-01
3.018376049327726185e-01
2.994176339031305312e-01
2.934483874541768955e-01
2.880646401083673536e-01
2.802827373064343264e-01
2.842886405979674902e-01
2.795054946247586547e-01
2.759904543114520270e-01
2.720830739572264179e-01
2.717196911366489553e-01
2.681751609827019989e-01
2.619842787654124705e-01
2.586322340288073618e-01
2.622938627032950221e-01
2.691951191997642434e-01
2.679759420099315226e-01
2.587277413443766494e-01
2.500429860730241094e-01
2.570119608414669354e-01
2.651102488228616605e-01
2.668188612197167631e-01
2.598668472372563376e-01
2.515405111549822159e-01
2.533410145949020476e-01
2.556476704905761843e-01
2.569780695667251424e-01
2.573387195897928192e-01
2.549329447695115047e-01
2.520663297441444461e-01
2.456153677101139687e-01
2.404023828073775793e-01
2.416147498518484704e-01
2.424407960580748367e-01
2.459973049209375207e-01
2.494515884529606708e-01
2.499106655748401240e-01
2.478110898152887931e-01
2.441496895629934605e-01
2.372899646600419299e-01
2.287028278633252976e-01
2.259414651372721183e-01
2.272315533240716057e-01
2.310348267882884332e-01
2.319559168295977081e-01
2.324982535270261053e-01
2.336957170357343017e-01
2.295667073138032976e-01
2.275192100375742210e-01
2.252049855474747009e-01
2.201634066420139202e-01
2.218126911195441031e-01
2.270161888116732640e-01
2.272455603042939087e-01
2.243228054241429292e-01
2.221570352329162723e-01
2.159834012747751664e-01
2.119923399027417166e-01
2.135226944426423523e-01
2.131116097277949428e-01
2.103378180929830199e-01
2.077071631067753665e-01
2.063094812180507054e-01
2.090530266922718816e-01
2.125956301478411914e-01
2.100465174185962569e-01
2.040044262077393145e-01
2.021332302642620538e-01
2.029399723059220895e-01
1.980202062864781787e-01
2.000293682567429454e-01
1.990713999376093335e-01
1.969630770419574239e-01
1.925907414137884022e-01
1.907003152252343958e-01
1.903947946779561140e-01
1.897870538675662799e-01
1.891769805509725122e-01
1.884790491812711744e-01
1.857800248509759722e-01
1.831658837420829244e-01
1.808279059477480299e-01
1.800025328206419362e-01
1.777255705175897205e-01
1.764773479054193850e-01
1.748180988902391098e-01
1.732571978995447182e-01
1.731392733441003418e-01
1.717189161462811531e-01
1.677331913884660408e-01
1.649361486622357431e-01
1.649805494515315663e-01
1.666664967045274892e-01
1.657264287671207370e-01
1.638157805255466559e-01
1.626611330807619382e-01
1.609202289822083964e-01
1.601070303961934504e-01
1.583203514949092783e-01
1.557992329311628510e-01
1.521621937263946400e-01
1.484476151511659459e-01
1.450581003503290667e-01
1.420855156946254916e-01
1.390978716233884915e-01
1.378186592384999243e-01
1.382009431936836730e-01
1.377557893767319963e-01
1.367818668975729623e-01
1.368722728665609512e-01
1.376952460515618315e-01
1.372950377194890326e-01
1.363836598226249863e-01
1.363635598432203222e-01
1.361488017018281094e-01
1.343972194779448348e-01
1.318759226928173933e-01
1.300113452872400932e-01
1.283651826568982246e-01
1.273097933036056728e-01
1.261653974769496311e-01
1.250398430165851893e-01
1.240677422082508835e-01
1.230119263841427391e-01
1.221950246507112342e-01
1.215688622657924434e-01
1.223178677852749391e-01
1.232194197492805926e-01
1.232284450954629212e-01
1.236286583842121922e-01
1.241011225359318348e-01
1.242244373145528491e-01
1.247496530506067430e-01
1.236172178167562752e-01
1.220942845847563379e-01
1.221081255055603138e-01
1.219416941698022311e-01
1.218602327892003151e-01
1.200052534062392290e-01
1.182975425422526511e-01
1.158005413649360743e-01
1.139908209566251746e-01
1.123153608388272190e-01
1.124492959934193792e-01
1.130888464251080666e-01
1.136030209055219203e-01
1.140477129316920801e-01
1.144295410291270298e-01
1.145589890037985031e-01
1.142407619018246112e-01
1.135072382573057287e-01
1.124129861760514715e-01
1.111040843318714527e-01
1.102015259023967353e-01
1.102759803290926099e-01
1.100450685036776510e-01
1.093211138850979369e-01
1.087182114623855694e-01
1.080127978399308963e-01
1.067466390985137431e-01
1.060505067629777115e-01
1.063712395758665413e-01
1.066690197379985411e-01
1.068928228706059191e-01
1.070382335763176845e-01
1.070875782122342190e-01
1.066998588939144788e-01
1.059610694448419876e-01
1.049711721741936332e-01
1.043252170352803876e-01
1.034340812917657754e-01
1.026485637597924355e-01
1.016934466859483605e-01
1.009320946301266314e-01
1.008802036221169846e-01
1.010624152939906678e-01
1.013013922835417496e-01
1.013666601952152024e-01
1.012101523573212258e-01
1.010822813589679486e-01
1.006316322543160530e-01
9.938519862754272016e-02
9.819190062140546738e-02
9.708042900847783929e-02
9.605316274260447540e-02
9.500625409373553154e-02
9.379565497808069197e-02
9.232769947856080128e-02
9.076603296212874816e-02
9.083717907020215365e-02
9.149796822258203510e-02
9.193029785487376315e-02
9.208971067384773279e-02
9.140329116364157014e-02
9.093199471735741168e-02
9.146509510517872310e-02
9.200765394744808701e-02
9.209755606057382082e-02
9.220639800450647350e-02
9.281845061719375123e-02
9.276446569753808713e-02
9.191856942637820216e-02
9.074923257322967118e-02
8.912538401764412421e-02
8.763187853194269461e-02
8.728545105107572699e-02
8.718184111122732893e-02
8.673192633505964755e-02
8.651749643595020578e-02
8.588773168834008820e-02
8.461358135117626189e-02
8.315035369921787434e-02
8.141561842274652738e-02
7.973011822610118204e-02
7.793772336746246365e-02
7.823054192934784934e-02
7.878506526614312278e-02
7.933831743012066673e-02
7.971482663877384189e-02
8.003249097286517511e-02
7.918494814324811282e-02
7.826223468789779425e-02
7.726155664897220443e-02
7.612504675009623689e-02
7.497582039772610063e-02
7.416753953896514096e-02
7.348957023776016284e-02
7.279076462679916204e-02
7.079426114274393889e-02
6.903439465630639704e-02
6.806994855280928958e-02
6.800181344998321165e-02
6.804895838186898749e-02
6.741118324427627928e-02
6.675396790922899504e-02
6.523105582171495609e-02
6.278942568204023966e-02
6.022144307037575334e-02
5.736128619179004656e-02
5.483514968000909734e-02
5.385731544018970696e-02
5.530906424749024858e-02
5.706201212556082092e-02
5.855988627133058150e-02
6.017409438490881057e-02
6.113436847260794033e-02
5.978471670531145671e-02
5.850606245980913972e-02
5.701209154723110850e-02
5.526066907100689318e-02
5.391480038747789583e-02
5.326481753218278298e-02
5.224352480326995007e-02
5.169093628956279024e-02
5.114126735659432071e-02
5.042978710429357053e-02
4.978673717454203118e-02
4.914208092991486504e-02
4.848229639193699092e-02
4.800909215764083415e-02
4.761157140572112173e-02
4.762427708129240295e-02
4.741936986945917420e-02
4.746794818342905953e-02
4.745445217862725301e-02
4.735450489422458886e-02
4.734529894113885529e-02
4.742583809180078019e-02
4.736537563893356700e-02
4.741057469888534937e-02
4.757645368107886463e-02
4.785261789993466158e-02
4.826660707058629679e-02
4.851225410215335987e-02
4.868105464604124272e-02
4.851954194774261292e-02
4.906136375757802481e-02
4.945227093768275739e-02
4.980582705316738412e-02
5.004227181424147214e-02
5.024375700483521556e-02
4.983730449613829605e-02
4.975362829465464903e-02
4.953381335301655641e-02
4.940721206203621541e-02
4.923507242215786200e-02
4.902088505091195536e-02
4.812650144353221998e-02
4.766040523257910472e-02
4.729068555199374135e-02
4.716789191609396803e-02
4.710411510105712296e-02
4.707540489986616894e-02
4.718868246662155652e-02
4.775543591344061367e-02
4.824784854102694837e-02
4.903237532734763815e-02
4.907151452094920402e-02
4.852476757409212443e-02
4.782320989309626902e-02
4.741748516563984439e-02
4.648525963995438909e-02
4.725050956278320502e-02
4.791627912134974188e-02
4.828878018554451368e-02
4.883977503031489142e-02
4.896094800642361577e-02
4.852504934038494311e-02
4.799683121798927615e-02
4.745324417683118717e-02
4.665373219801783461e-02
4.566477426357608282e-02
4.485646334013256714e-02
4.391477099682988827e-02
4.259801313090882252e-02
4.094386975126004802e-02
3.926750082817998672e-02
3.824661733668836133e-02
3.817642110369245251e-02
3.811926780236004481e-02
3.801339011638259907e-02
3.759242511518852414e-02
3.708847694489675328e-02
3.665762388001767014e-02
3.641800066260913321e-02
3.647930086840477093e-02
3.699785840789655833e-02
3.744931415577429368e-02
3.701055778083946202e-02
3.686930762757188729e-02
3.659631688057764926e-02
3.571675705488973340e-02
3.470130895668528670e-02
3.403126413991199722e-02
3.330012383834298623e-02
3.196161451719024132e-02
3.078522788665201057e-02
2.957087718442262189e-02
2.891776890219104404e-02
2.831929060087056901e-02
2.776837662085753985e-02
2.726610244320274920e-02
2.676342653425224649e-02
2.581267733974351025e-02
2.498338344773788286e-02
2.418720431635222254e-02
2.316439152615776959e-02
2.199627674549661099e-02
2.124853098697612741e-02
2.067879770739132483e-02
2.038378725313425358e-02
2.041625252127295814e-02
2.042733538388594519e-02
2.071329511103973259e-02
2.101278607450508817e-02
2.059460578960872756e-02
1.989833757886929830e-02
1.910101148061002160e-02
1.852908595431715030e-02
1.796559148464794628e-02
1.722834600986271683e-02
1.604878289273301700e-02
1.413408121420134042e-02
1.248743665319556988e-02
1.197804645987297738e-02
1.131926511246559436e-02
1.005973015520487956e-02
8.699928031927052149e-03
7.951179059956771378e-03
9.227222381450581393e-03
1.033354921407154958e-02
1.128498807678900498e-02
1.160937813447940857e-02
1.178772568523993314e-02
1.154501828163696786e-02
1.126425940760155016e-02
1.080217522157195416e-02
1.059060482355102771e-02
1.034073698124414638e-02
9.433380740855267649e-03
8.487507036808476443e-03
7.860314346771769475e-03
7.162767094331458882e-03
6.382710004447450861e-03
6.333531383770301879e-03
6.418186025176797482e-03
6.501182326982042452e-03
6.873254521935486666e-03
7.206303633407167702e-03
7.129380676699859608e-03
6.866771141257040599e-03
6.812661055338729496e-03
6.690004557225165578e-03
6.496019815525160869e-03
6.236531679506231683e-03
5.921994744616953035e-03
5.319505451037759639e-03
4.695137233789582580e-03
4.197547052729977760e-03
3.768694152444182661e-03
3.437090313824902113e-03
3.190104671811450684e-03
3.076122637945001223e-03
3.065154709041845258e-03
3.045791954255721700e-03
2.980331861753998581e-03
2.889106772489940730e-03
2.867891895255967900e-03
2.878363138550283761e-03
2.899889003236627658e-03
2.910907783228911753e-03
2.911599000321845807e-03
2.922321760455532606e-03
2.920835535634300033e-03
2.922080261646036511e-03
2.893848799839783895e-03
2.860820635338821947e-03
2.830339334573830305e-03
2.798619808344668565e-03
2.744013114195993815e-03
2.771766802154192189e-03
2.810711592441476978e-03
2.834817108473265852e-03
2.858508649008603426e-03
2.883962772677277960e-03
2.836696266494220450e-03
2.774185663024097189e-03
2.710920308120637855e-03
2.651303448400663208e-03
2.593765010709120702e-03
2.498480854338923796e-03
2.374188245058685316e-03
2.246397716283315884e-03
2.136630253533187106e-03
2.032984555188675248e-03
1.992936998592555707e-03
2.000824941723654792e-03
2.014921929357424164e-03
2.047514658426365357e-03
2.096839820194494001e-03
2.080774451867624993e-03
1.980122402652440428e-03
1.894508805893634204e-03
1.862454452690982505e-03
1.816526828866519422e-03
1.756890790873467728e-03
1.682674593304092159e-03
1.607587962414336758e-03
1.515677302992006047e-03
1.436288489040477359e-03
1.362984673207752375e-03
1.320417581145967665e-03
1.257026605759795036e-03
1.223731908206848523e-03
1.193419701243653890e-03
1.156041625947938894e-03
1.097977602928667910e-03
1.044634522962420344e-03
9.913444581998969839e-04
9.295342789035274242e-04
8.702294440505688091e-04
8.348015342384678414e-04
8.080242803198645031e-04
7.794766298359801122e-04
7.514065150166869935e-04
7.331948224271799073e-04
7.233708693095067385e-04
7.086087780776325999e-04
6.880039085721259204e-04
6.577609543516126740e-04
6.155187885570489884e-04
5.940451480905416422e-04
5.853167119927118632e-04
5.791636403519679005e-04
5.708268807882067733e-04
5.598366073588724760e-04
5.487862661441254017e-04
5.367727099929347004e-04
5.236964042128508350e-04
5.104875038933953321e-04
4.970616324268718614e-04
4.830980896270924791e-04
4.699507459425868454e-04
4.580236642605571519e-04
4.450738826793661077e-04
4.293944765742851240e-04
4.149285473223170346e-04
4.019136611258347408e-04
3.919365398413964755e-04
3.825820575310975792e-04
3.744520598485992198e-04
3.647450298426409775e-04
3.523342020336468023e-04
3.393870445163959084e-04
3.239177064393277262e-04
3.104718106470326713e-04
2.967468321893060941e-04
2.900236318857066123e-04
2.815844130699378801e-04
2.747624628856401466e-04
2.683402687051999590e-04
2.620851918017131385e-04
2.621377699568061721e-04
2.626267301836639288e-04
2.628187856825350398e-04
2.625120109331005179e-04
2.622546432445860276e-04
2.645583274772905346e-04
2.673998046424913956e-04
2.700606513106432486e-04
2.726971924176980621e-04
2.759877058825098320e-04
2.793853051996983547e-04
2.828557901382476787e-04
2.862629163756334879e-04
2.893745482680889808e-04
2.925370561642239822e-04
2.950156675547985826e-04
2.970723586915613207e-04
2.990952177277949220e-04
3.008401580464272634e-04
3.025340318784515122e-04
nan
nan
nan
nan
nan
nan
nan
nan
nan
nan
nan
nan
nan
nan
nan
nan
nan
nan
nan
