-9.068581303913655574e+03
-1.117933856011103126e+04
-1.349506318287545037e+04
-1.450295252496496687e+04
-1.253942120934224658e+04
-1.015989065641006164e+04
-1.256813204648545980e+04
-1.428774333533226672e+04
-1.473416532737275884e+04
-1.408817303707865176e+04
-1.354593951564788040e+04
-1.307203415432738075e+04
-1.255833171923236296e+04
-1.229812932434289723e+04
-1.141568588928215286e+04
-1.020444670941522600e+04
-7.846601363198217769e+03
-5.486489773893183155e+03
-4.687198734207988309e+03
-5.178128267370445428e+03
-6.533630450845737869e+03
-7.644530865612035086e+03
-7.953955421558141097e+03
-7.354619491681019099e+03
-6.916373918804712957e+03
-6.436479485982165897e+03
-5.692350153756297914e+03
-5.147887246726279045e+03
-4.848439057843825140e+03
-4.326333086942533555e+03
-3.901894369853909211e+03
-4.288593291164100265e+03
-4.372869473752790327e+03
-4.658282246616927296e+03
-4.041711666417005290e+03
-3.367697561944054087e+03
-2.736287228654363844e+03
-2.302477988090311555e+03
-1.880343368903584405e+03
-1.706683274389312373e+03
-1.843499485463082465e+03
-2.448147777989001497e+03
-2.310511198672124920e+03
-2.153143514650609177e+03
-1.913257632074806452e+03
-1.665266213200212178e+03
-1.551595904615791824e+03
-1.355999770278110191e+03
-1.350966427551097468e+03
-1.276236887651792131e+03
-1.213640636120725276e+03
-1.248007328999316996e+03
-1.155835326460635542e+03
-1.012449386312872889e+03
-9.331082405560856614e+02
-8.126288705709461055e+02
-6.899321373067955392e+02
-6.099989423322441553e+02
-5.529604710393768983e+02
-4.791577336398177067e+02
-4.675488877803579157e+02
-3.979811901579281539e+02
-3.213774714196444506e+02
-2.728194905998448121e+02
-2.313986732009264244e+02
-1.921027838000474333e+02
-1.629808219665713409e+02
-1.426417209437387896e+02
-1.134266936160742318e+02
-8.763221812782975917e+01
-7.360727218969934427e+01
-6.185291884333596357e+01
-4.771983601270360253e+01
-3.960440576746212571e+01
-3.149444060127826717e+01
-2.435531748627916926e+01
-1.734032369078382629e+01
-1.104860365999537208e+01
-6.701422414125682181e+00
-3.368426793172996980e+00
-1.844636697319369301e+00
-1.385048107865530120e+00
-7.430576217561755126e-01
3.460785648708186724e-02
1.156275642401020098e+00
2.020416277031610086e+00
2.539261631551427811e+00
2.821826749950013369e+00
3.192574049777171741e+00
3.563574365028631785e+00
3.899956844532745048e+00
3.894292626718182326e+00
3.938364266687271797e+00
4.085062060664103711e+00
4.307971997235942929e+00
4.525421946792109296e+00
4.651763417427663860e+00
4.797790567179013976e+00
4.870154601659288929e+00
4.926775869731356394e+00
4.968928329992610138e+00
4.913207476781976446e+00
4.844844466792967097e+00
4.772164980685559499e+00
4.690633399829648553e+00
4.626963987461855332e+00
4.794400851416642517e+00
5.008942140788411379e+00
5.166776138539353802e+00
5.208977775263099907e+00
5.226806211989429407e+00
5.126148005279255848e+00
4.958728015281272938e+00
4.782022543795161340e+00
4.595069338366596590e+00
4.402288395535492782e+00
4.286259829682689926e+00
4.232457929242694483e+00
4.168627193185812096e+00
4.188510802730928795e+00
4.188126693055818528e+00
4.209345570368623335e+00
4.271983535813197896e+00
4.333334490725739840e+00
4.360940229708338833e+00
4.380090886845424691e+00
4.415573449321881228e+00
4.429212680022297732e+00
4.398138438498362390e+00
4.365237873834079352e+00
4.334307241489970153e+00
4.311249710328857176e+00
4.307343957067544693e+00
4.289399956987240969e+00
4.207195730031719094e+00
4.072545588587005660e+00
3.925112374058591591e+00
3.816611072340264865e+00
3.686067407172763044e+00
3.615141511052499368e+00
3.569660107976471153e+00
3.513503463302834362e+00
3.513947397750483148e+00
3.499952875342790204e+00
3.490352762132048703e+00
3.501914597964298270e+00
3.482222707586210220e+00
3.453087487202844308e+00
3.458118734877673628e+00
3.478557004953320320e+00
3.508069056314231382e+00
3.536941855358037401e+00
3.565687944421227051e+00
3.586799593005241871e+00
3.601687066305657936e+00
3.625927321187952135e+00
3.653791892929035168e+00
3.680105167142884603e+00
3.700887680622959586e+00
3.717064166657828128e+00
3.710575695353759862e+00
3.709311304455654046e+00
3.702624788177424353e+00
3.684377126104086742e+00
3.658947178313329829e+00
3.633147285083353495e+00
3.607120626815992548e+00
3.569266814526017573e+00
3.511118506272962847e+00
3.436365599475020183e+00
3.364215138905251479e+00
3.271660366118290142e+00
3.188421063609466533e+00
3.136504390041491064e+00
3.080332949109235052e+00
3.052023931550221558e+00
3.031168298832223051e+00
3.013412676775306664e+00
3.007024712492731400e+00
3.011249217346118279e+00
3.000969755047142140e+00
2.975834380842126148e+00
2.951199117649982107e+00
2.951208295170173024e+00
2.958564340087230793e+00
2.960862056384341745e+00
2.954360634131131480e+00
2.940700903859469140e+00
2.941269375384920615e+00
2.944810540671035426e+00
2.951180856367240590e+00
2.953371805976551911e+00
2.944288281215410308e+00
2.949248743142192541e+00
2.975508207337979272e+00
3.007821072103623816e+00
3.033209134462485856e+00
3.053678061000537625e+00
3.057223557452567242e+00
3.044623012647039051e+00
3.033793248498155126e+00
3.040547859734391345e+00
3.036890230554607495e+00
3.009347047845750911e+00
2.958692749375592790e+00
2.902011889283403701e+00
2.858141919233348371e+00
2.814939517708600292e+00
2.774789552165631168e+00
2.743553230582961078e+00
2.709890400435640334e+00
2.685163455940034805e+00
2.658603244032503365e+00
2.628228768677886240e+00
2.615374180030119344e+00
2.599815862396392063e+00
2.594356310671488419e+00
2.591170721226248919e+00
2.588743530322750175e+00
2.592878053089045398e+00
2.591939540623836802e+00
2.590197652200854073e+00
2.590137261655115708e+00
2.588283647880578187e+00
2.592619134825398852e+00
2.598645782423622652e+00
2.599415014383680500e+00
2.590738913997059800e+00
2.577941630273665297e+00
2.570078146976473743e+00
2.564798573330948184e+00
2.551835949955995719e+00
2.535282317794201212e+00
2.517369403198086442e+00
2.502328184498033181e+00
2.483030715332042782e+00
2.466385257570683720e+00
2.455404967159882990e+00
2.442938403739117526e+00
2.431438411050261372e+00
2.419795322387058079e+00
2.406602133162796697e+00
2.409233975408103579e+00
2.422417501075154522e+00
2.418537437443991411e+00
2.398060761207377212e+00
2.388372078143276678e+00
2.387431030637080287e+00
2.387406765047356050e+00
2.385655221024633565e+00
2.379424935327408175e+00
2.372053877190208215e+00
2.360630183160809192e+00
2.345104973659843051e+00
2.331190506891799963e+00
2.319743203836441392e+00
2.306217997436098788e+00
2.295021969506432225e+00
2.291013513860950646e+00
2.287097762240843934e+00
2.271528129946097874e+00
2.257532646393572318e+00
2.249871778315462922e+00
2.243332891831365306e+00
2.229629971441050351e+00
2.219588959616822343e+00
2.206725741049365030e+00
2.197213782527381198e+00
2.188441661591763232e+00
2.179775736265761044e+00
2.169342050281641843e+00
2.160407173825690030e+00
2.151681803798543680e+00
2.144782707527565169e+00
2.138468514052858094e+00
2.133647435703096118e+00
2.130617377297900905e+00
2.127007175274597817e+00
2.123656124962802316e+00
2.120775280453036871e+00
2.120690205377836257e+00
2.121471945756211230e+00
2.122386663414961738e+00
2.118738723050043404e+00
2.114739746843495194e+00
2.104095684834649482e+00
2.088358750819241383e+00
2.069075979761914041e+00
2.054697077716714393e+00
2.039383347892099074e+00
2.027631894913942023e+00
2.021638937396700975e+00
2.012831365539376804e+00
2.009363436088313026e+00
2.005517402639037883e+00
2.002079705846480540e+00
1.991891570019856283e+00
1.980597267896410330e+00
1.972339743553231717e+00
1.961934576526459972e+00
1.953317185569450221e+00
1.953575801319562322e+00
1.954489949044336816e+00
1.953154290616215816e+00
1.943699780476987327e+00
1.929211135217577588e+00
1.921875861232599014e+00
1.918406654019573887e+00
1.913760815967117557e+00
1.917916251526220695e+00
1.927750631219157462e+00
1.912359205873007451e+00
1.897740712906376359e+00
1.882990367958494504e+00
1.865119326832303193e+00
1.851245916556411464e+00
1.846061783671390399e+00
1.839517387490905431e+00
1.827477817277902705e+00
1.823824937321987472e+00
1.831949596795837243e+00
1.815236014826127509e+00
1.787751710690580920e+00
1.785203100428828238e+00
1.777821021440737947e+00
1.754463525778123145e+00
1.734778766659078819e+00
1.737673427877471699e+00
1.747191541721046626e+00
1.730041612068503598e+00
1.709595740772139383e+00
1.697045510036761629e+00
1.709682112504688378e+00
1.718196465570656972e+00
1.702958732486636206e+00
1.675490132004614274e+00
1.661313480757842687e+00
1.654123992307438229e+00
1.645188951480560435e+00
1.639258431856864151e+00
1.640067644453865547e+00
1.648306099424130755e+00
1.650120131171005422e+00
1.649447567970470985e+00
1.634202116178127495e+00
1.615451633921663133e+00
1.603571901543015654e+00
1.606685535736956494e+00
1.616210067293511132e+00
1.629180074561743963e+00
1.632024523172167507e+00
1.630176237683745644e+00
1.614775676545950445e+00
1.606478239056890134e+00
1.607941869237816901e+00
1.595734038535012056e+00
1.602558654354203860e+00
1.623225292132078446e+00
1.629453587627972322e+00
1.625788689399503717e+00
1.628527292876064347e+00
1.628686198208330271e+00
1.616827852085564787e+00
1.596400562484453722e+00
1.589754736934521961e+00
1.570128246880016842e+00
1.558114779135476802e+00
1.562443215168211275e+00
1.576491593920838818e+00
1.578639692707517250e+00
1.568429799881008391e+00
1.567926498380093570e+00
1.561536924476867760e+00
1.551502836602707269e+00
1.545732976377429901e+00
1.540608220571212383e+00
1.543212909974857272e+00
1.542559588100712364e+00
1.520544992417510288e+00
1.488673269971037216e+00
1.484811320309625815e+00
1.493302574950600592e+00
1.484110395044680342e+00
1.464257915593424553e+00
1.452362675514447643e+00
1.459053032580412745e+00
1.471252997993842904e+00
1.470619726350777201e+00
1.455941902161990376e+00
1.400272977041416844e+00
1.357798926172491649e+00
1.345994571246085458e+00
1.331591702119280463e+00
1.335015265015499608e+00
1.343094308398829817e+00
1.332675108078318349e+00
1.312555536503091203e+00
1.301552698180177270e+00
1.281356794169227209e+00
1.265476003826982776e+00
1.260813879003041649e+00
1.267294825898838129e+00
1.271121425621956291e+00
1.282109535796175592e+00
1.299897965299130043e+00
1.305913261166921968e+00
1.339340289403533113e+00
1.354659499667891120e+00
1.351350886497579618e+00
1.334955119812916369e+00
1.299679427717822300e+00
1.303890809240642712e+00
1.299907110603504057e+00
1.288823633301097615e+00
1.293127673593267302e+00
1.273589476025337230e+00
1.285334492610237689e+00
1.317324931164510105e+00
1.318088623261977510e+00
1.300408589875757359e+00
1.288628276622840518e+00
1.293852513852043362e+00
1.313694691853695140e+00
1.330450739334820831e+00
1.317544871256638661e+00
1.310134116108843338e+00
1.309949928995225443e+00
1.325117911433375539e+00
1.340704525292528260e+00
1.307790638967310848e+00
1.277856342522787791e+00
1.282173347119487383e+00
1.291555829243390852e+00
1.292676714799950943e+00
1.279736396585019476e+00
1.268204251514067682e+00
1.269961764665553661e+00
1.269324217508386310e+00
1.257024745825834788e+00
1.256195130695924478e+00
1.260207127460347687e+00
1.255746736227161930e+00
1.251986495562374069e+00
1.248708938953472680e+00
1.245574416995481881e+00
1.246989997858100274e+00
1.249100725057622263e+00
1.235624592772964769e+00
1.213275571455108004e+00
1.194666891756651639e+00
1.188886874548259254e+00
1.195498681215293679e+00
1.177770465944729228e+00
1.168628117729378246e+00
1.165985892378567756e+00
1.168484824643017506e+00
1.165764154709777012e+00
1.175858478084621961e+00
1.162550740036927488e+00
1.150423599852243406e+00
1.172051777394639949e+00
1.205869088121771515e+00
1.213440189209418207e+00
1.221591293444260318e+00
1.224067805559377664e+00
1.190786810451752054e+00
1.161578834756095802e+00
1.165618902254565548e+00
1.168540554676064991e+00
1.178522929588760482e+00
1.187074341212649431e+00
1.208422611256785517e+00
1.216431829170527834e+00
1.219217376426095845e+00
1.241590584196488045e+00
1.236907227740299042e+00
1.186279988427736409e+00
1.152085330285967935e+00
1.155296604158208451e+00
1.159650145424644618e+00
1.181678291331709652e+00
1.187458595150718610e+00
1.192637501888556884e+00
1.194468681549145872e+00
1.212899593201507642e+00
1.227263970884913791e+00
1.237109169449647661e+00
1.243739753291416505e+00
1.228869021510782256e+00
1.206257966139348214e+00
1.185868821561112840e+00
1.179870115541524545e+00
1.172198445209232220e+00
1.186281478387767097e+00
1.200128049068772906e+00
1.201450776039040935e+00
1.200928177849385214e+00
1.192528479440401634e+00
1.176954507086603652e+00
1.166307484437674846e+00
1.156255497293522172e+00
1.170144010053548733e+00
1.185193794984513938e+00
1.190163771240160262e+00
1.175718814896137943e+00
1.157607762645608496e+00
1.159112513072409589e+00
1.166048926451973555e+00
1.158173164342750860e+00
1.133440028693430746e+00
1.120694612333857476e+00
1.125653780703939288e+00
1.148199122804256289e+00
1.156937195826945652e+00
1.151145174861984755e+00
1.136055030264822241e+00
1.100356612932050782e+00
1.073480972259835298e+00
1.071667387013601314e+00
1.073270144394470327e+00
1.104764085292702314e+00
1.124781866370172301e+00
1.126451837084043506e+00
1.115109457456267439e+00
1.118213303703071704e+00
1.103501980421451201e+00
1.108682212475220918e+00
1.128879764849694656e+00
1.119864660826165315e+00
1.118090139453601806e+00
1.141405509490091674e+00
1.152558669792914214e+00
1.148877232497913070e+00
1.174533412208601302e+00
1.149110873602155136e+00
1.101742820581970594e+00
1.109144515442551882e+00
1.146905253908183431e+00
1.170219604056631724e+00
1.178296683585567051e+00
1.145050016771209433e+00
1.120671814903007713e+00
1.114838943199707222e+00
1.097972905255560017e+00
1.083303276826282247e+00
1.095939510687540697e+00
1.119013927900652572e+00
1.106675487508421707e+00
1.085982556813646305e+00
1.093066161692871407e+00
1.154393773621529951e+00
1.206764643776646606e+00
1.185307863341685142e+00
1.143911117665761035e+00
1.111912797334575931e+00
1.077626882587413570e+00
1.098754662747246424e+00
1.116477830627291334e+00
1.130440028945741471e+00
1.132788098687047773e+00
1.133802865674145455e+00
1.119852718456945340e+00
1.100012810209144654e+00
1.079559198728391456e+00
1.063394093972052534e+00
1.044058996055705180e+00
1.048259052228853516e+00
1.067760992056836722e+00
1.092660181665091823e+00
1.114436668436640687e+00
1.145689073440001593e+00
1.161356884712946291e+00
1.152391990189621351e+00
1.134495277774234756e+00
1.116627146693424555e+00
1.089124328238164408e+00
1.078027473177119333e+00
1.092151675855755677e+00
1.098328058975912125e+00
1.104436682919630375e+00
1.110780383666307269e+00
1.113749144231968025e+00
1.116129876504792229e+00
1.119609493580868698e+00
1.123903485680799008e+00
1.123891946311430079e+00
1.117184673078505108e+00
1.114295806789318055e+00
1.100403347553471134e+00
1.090122999834801876e+00
1.104220202692141717e+00
1.100585500123834493e+00
1.055030614272239431e+00
1.017851030174720783e+00
1.001196234101792815e+00
9.777067781066997032e-01
9.628181291275936804e-01
9.785217280684191943e-01
9.911526147927681718e-01
1.006684256244756659e+00
1.022260208730787934e+00
1.036346169140565987e+00
1.039553076437644830e+00
1.039142568970762293e+00
1.039710339800129502e+00
1.042112541932130876e+00
1.037728485252911392e+00
1.041657209783683147e+00
1.056765967404335926e+00
1.067495965620792964e+00
1.071882140734154998e+00
1.085802386494480576e+00
1.096563816568132399e+00
1.085248778107423817e+00
1.073001673951404333e+00
1.060522029904893859e+00
1.037868905195161728e+00
1.018501305564956771e+00
1.018626717178893415e+00
1.017340384780469398e+00
1.012110379652722880e+00
1.001331192314854235e+00
9.937680249326114046e-01
1.004946914837466787e+00
1.014739522616307843e+00
1.018583290586341450e+00
1.025105330241061985e+00
1.026273693501894124e+00
1.024193143739798639e+00
1.017492914814158711e+00
1.014401457793554506e+00
1.010877285421675875e+00
1.012766729244526598e+00
1.028081745558374394e+00
1.042851652301802767e+00
1.053882430719751850e+00
1.043403096172940359e+00
1.026217210693690873e+00
1.031967631944584740e+00
1.038089036640779783e+00
1.027166456671640526e+00
1.006931918257444769e+00
9.875496607927610748e-01
9.734206917284502492e-01
9.661457841876165409e-01
9.715571697346847557e-01
9.828195374918058391e-01
9.923405171973969097e-01
9.947477751070652463e-01
9.905039803487417638e-01
9.823691105806404700e-01
9.721592716673589374e-01
9.654773502753021264e-01
9.734878194665751439e-01
9.881326258685875219e-01
1.002065046982390628e+00
1.011936590696346228e+00
1.015491889975176143e+00
1.004060054861328544e+00
9.863184710833120539e-01
9.692193946513431024e-01
9.493269124895121758e-01
9.342229880385568563e-01
9.280082524761434914e-01
9.253315102090778899e-01
9.155798325730559739e-01
9.169841203254773809e-01
9.205321399890658007e-01
9.222853609207724013e-01
9.350717547056930368e-01
9.514584251975997109e-01
9.768619396097133478e-01
1.000667954658666314e+00
1.025585369272341563e+00
1.012788777461343548e+00
1.000471450689871311e+00
9.862299616044241102e-01
9.667637255635781468e-01
9.485372775187695948e-01
9.465043488229953894e-01
9.460096997694179555e-01
9.387838171808973176e-01
9.295141424537828323e-01
9.203989206691691738e-01
9.323989072153746616e-01
9.525952400713861845e-01
9.732212148841654642e-01
1.011645312258672380e+00
1.044925434142883969e+00
1.042521670701581415e+00
1.015610891575552621e+00
9.854761110768992527e-01
9.648567048882293884e-01
9.432520060385081173e-01
9.497955541659089951e-01
9.855912152784863656e-01
1.023255947760311368e+00
1.060984437536644176e+00
1.090256260774462360e+00
1.092536844170411081e+00
1.042398230577676665e+00
9.841506252705984892e-01
9.369984174309879954e-01
8.982769162989870937e-01
8.654805463033380386e-01
8.661468796582645346e-01
8.678604899669613015e-01
8.786469269488846878e-01
8.894965415966147315e-01
8.992898805713135379e-01
9.133393207556532722e-01
9.311017131429337734e-01
9.519787549804386018e-01
9.777769243758799300e-01
1.010491628309312384e+00
9.942521454574876349e-01
9.875065343344173741e-01
9.736560880544495866e-01
9.758432683813593744e-01
9.790809071468218328e-01
9.788270141068406982e-01
9.816302661101623528e-01
9.979752105134652718e-01
1.008388396521181507e+00
1.019239499666473758e+00
1.035656657168227079e+00
1.049216276599632014e+00
1.050688377263514939e+00
1.041311050267344385e+00
1.031662620658383211e+00
1.022511645068111985e+00
1.011455947506034514e+00
1.000160629135303569e+00
9.819047598278108913e-01
9.777013244035129835e-01
9.646268307538872211e-01
9.531303553089195413e-01
9.412038354026669440e-01
9.282098688983565493e-01
9.055798094595949310e-01
8.885902511761630818e-01
8.815396130336059510e-01
8.840015848774652740e-01
8.939781233920425230e-01
9.074601888716277154e-01
9.165439574386178290e-01
9.119230093396993864e-01
9.080748124481065053e-01
9.038870886534278171e-01
8.994286702709642922e-01
8.979895300163848182e-01
9.103013995262314584e-01
9.218810655066060900e-01
9.340375377167595694e-01
9.451725602393009629e-01
9.594602211375675704e-01
9.463357958991666097e-01
9.359027829899506656e-01
9.265992883170131034e-01
9.157662960917511974e-01
9.115467728637002276e-01
9.088129324234250905e-01
9.075638106165810903e-01
9.133596722933766676e-01
9.207955340464976102e-01
9.329467923404761720e-01
9.354518367074674545e-01
9.329553187667880554e-01
9.301092284251398778e-01
9.364793901391164077e-01
9.442626292257870757e-01
9.492551321454042457e-01
9.552862306929039704e-01
9.616206324545448769e-01
9.686679043880074280e-01
9.752977300676126671e-01
9.836275787333911280e-01
9.907876078771677975e-01
9.956423261821514270e-01
9.974913262292380844e-01
9.992593583246610622e-01
1.000852757274910854e+00
1.000765664263125299e+00
1.000444250259991952e+00
9.997513319008254351e-01
9.984960645793073963e-01
9.976097224029580879e-01
1.001028650512774565e+00
1.003881703553944682e+00
1.006406626258784742e+00
1.008411003371330272e+00
1.010366678331216850e+00
1.012057540037619052e+00
1.013492758208295319e+00
1.014995847365211645e+00
1.016595433121864733e+00
1.017726301943892908e+00
1.019500214270574467e+00
1.021025004454285900e+00
1.021633975536440975e+00
1.021834952528887452e+00
1.021790543354950787e+00
1.022510246088835784e+00
1.023175551363935343e+00
1.023578525679425866e+00
1.023996509034494462e+00
1.024186729054456846e+00
1.024764279012557733e+00
1.025252773240711290e+00
1.025336234224462073e+00
1.025094475863743915e+00
1.024739842497308207e+00
1.025067942565990320e+00
1.025741375430023972e+00
1.026250884326743940e+00
1.026664552007666487e+00
1.026893318120873033e+00
1.027269833457384873e+00
1.027891007259424949e+00
1.028144902902339730e+00
1.027960018084939087e+00
1.027374717347440125e+00
1.026984257622403529e+00
1.027435853256016385e+00
1.027583185449658654e+00
1.027305634542023949e+00
1.026603059334104673e+00
1.025971611065473521e+00
1.026700760015181846e+00
1.027255299035779723e+00
1.027556278769399478e+00
1.027588267141037237e+00
1.027447659500634103e+00
1.028058726001954026e+00
1.028377402853334566e+00
1.028573811242577074e+00
1.028564071679796132e+00
1.028444061111148500e+00
1.028964407892537514e+00
1.029297341371206986e+00
1.029378554354782871e+00
1.029248936157374228e+00
1.028900669078211649e+00
1.028940433204993177e+00
1.028795165716652527e+00
1.028357401582431052e+00
1.027790044462752794e+00
1.026893209238709526e+00
1.026966581924895427e+00
1.027446819016897273e+00
1.027652123790632865e+00
1.027477462838696898e+00
1.027008076950542970e+00
1.027325777972929233e+00
1.028058669134929604e+00
1.028621294457341184e+00
1.028831222045356819e+00
1.028770923565548889e+00
1.028784696137174492e+00
1.028943982823633752e+00
1.028974407866879659e+00
1.028727769491226463e+00
1.028266461457674863e+00
1.028152542298526484e+00
1.028826360656766026e+00
1.029131285509968352e+00
1.029102773951006133e+00
1.028742147489207115e+00
1.028311127416785986e+00
1.028998552427556001e+00
1.029416313508499936e+00
1.029415896160073896e+00
1.028975006575993500e+00
1.028368059132825918e+00
1.029023619680748292e+00
1.029378411517692271e+00
1.029437842262791003e+00
1.029148476928887890e+00
1.028543407787529729e+00
1.029002418574406663e+00
1.029232033129752200e+00
1.029141754129837771e+00
1.028744628468718947e+00
1.028041047912924721e+00
1.028486450277567910e+00
1.028957256744778892e+00
1.029158292796119589e+00
1.029048241842760669e+00
1.028605811787980162e+00
1.028896137107777164e+00
1.029355272853332615e+00
1.029520300288887968e+00
1.029457661368697652e+00
1.029137201273629509e+00
1.028997505258816725e+00
1.028989479035744115e+00
1.028803240532582874e+00
1.028306004526378326e+00
1.027446285176171203e+00
1.027254649555698451e+00
1.028005362803204426e+00
1.028462797025794240e+00
1.028570621024818221e+00
1.028517611828603462e+00
1.028494329389190609e+00
1.028795363452951861e+00
1.028910531161063346e+00
1.028777260483517919e+00
1.028374090861937651e+00
1.027942816028012851e+00
1.028652500660550251e+00
1.029038858519028654e+00
1.029206717607653587e+00
1.029055532063361422e+00
1.028648713506208789e+00
1.028959339278942453e+00
1.028988958675699950e+00
1.028730904840581273e+00
1.028360785477404171e+00
1.027701722295374820e+00
1.028341284060047656e+00
1.028765833168890032e+00
1.028900715500040697e+00
1.028520660684766552e+00
1.027834601765966971e+00
1.028105245631341091e+00
1.028451224146702758e+00
1.028469092114139061e+00
1.028186180138709771e+00
1.027671390440677346e+00
1.027812770473253146e+00
1.028188597087921208e+00
1.028368261334583478e+00
1.028264950098719988e+00
1.027844807138600380e+00
1.028004691404209803e+00
1.028515585610872973e+00
1.028694684578817853e+00
1.028576212793935296e+00
1.028168699652066476e+00
1.028128305580512158e+00
1.028774931305102891e+00
1.029147672673360159e+00
1.029175230058082757e+00
1.028855422082742832e+00
1.028683119494093079e+00
1.029343671165399821e+00
1.029735031054997307e+00
1.029887589936105963e+00
1.029857364734679148e+00
1.029791349647291021e+00
1.030766524305285037e+00
1.031487923246730443e+00
1.031942437380665822e+00
1.032119115030384782e+00
1.032072007213362008e+00
1.033314259035772675e+00
1.034305463996615160e+00
1.035077710844577448e+00
1.035587558898200422e+00
1.035818093872671319e+00
1.037261864015550206e+00
1.038604860398879337e+00
1.039705297819460084e+00
1.040494148665596086e+00
1.041010583176606996e+00
1.042572328266233805e+00
1.044250224003985705e+00
1.045707809504906161e+00
1.046939177614876648e+00
1.047912070661072059e+00
1.049755621263010807e+00
1.051955773483371104e+00
1.053937155388413371e+00
1.055694970436965363e+00
1.057222157469542179e+00
1.059380086507131224e+00
1.062126020156786588e+00
1.064711748809916703e+00
1.067106901953250420e+00
1.069290670508383778e+00
nan
nan
nan
nan
nan
nan
nan
nan
nan
nan
nan
nan
nan
nan
nan
nan
nan
nan
nan
