1.523382783982685651e+05
1.492081344896822411e+05
1.460313238241404761e+05
1.432105512740360282e+05
1.407099434385458590e+05
1.379693925640942180e+05
1.359648766655325308e+05
1.338427270833117655e+05
1.316040361664114753e+05
1.294664066361434816e+05
1.270510875620955194e+05
1.249458384369281557e+05
1.227964077637854934e+05
1.205043837704452453e+05
1.184934223785542272e+05
1.162257444509693451e+05
1.141684001706114504e+05
1.121542096951670828e+05
1.099115189979036368e+05
1.080613433658063732e+05
1.059595772695476044e+05
1.039399177191952185e+05
1.020426931916682661e+05
9.989405304110622092e+04
9.813377767792137456e+04
9.619269429232945549e+04
9.423558414980345697e+04
9.246858195694044116e+04
9.045863218987200526e+04
8.873884917593220598e+04
8.691230836821996490e+04
8.498708536237140652e+04
8.333763125742880220e+04
8.144332076170803339e+04
7.975454485532778199e+04
7.805730216359172482e+04
7.617386647204692417e+04
7.462868705636139202e+04
7.284154488639699412e+04
7.116796449328931340e+04
6.956937321992425132e+04
6.770299044898225111e+04
6.627298013638686098e+04
6.460855032491221209e+04
6.295924010893537343e+04
6.147318018501381448e+04
5.972589300941774854e+04
5.831444263941807731e+04
5.674826539920363575e+04
5.511236056875587383e+04
5.374179711169644725e+04
5.210590490977953596e+04
5.071733516005210549e+04
4.927518455351761804e+04
4.766820125081843435e+04
4.643103864687654277e+04
4.492201287768426846e+04
4.357114350281036604e+04
4.227283982646719232e+04
4.070410489139618585e+04
3.955243777822459379e+04
3.814103377492488653e+04
3.679021269887132803e+04
3.561023079165539093e+04
3.410323564574976626e+04
3.302749567923103314e+04
3.172742546898749424e+04
3.037046351362056885e+04
2.929571070849423268e+04
2.786255390306123081e+04
2.679389081790605633e+04
2.561991986939393973e+04
2.421566653719228998e+04
2.326445140993237874e+04
2.189482536204644930e+04
2.077589417664169741e+04
1.970214448764657936e+04
1.812275936788925901e+04
1.740932862267474047e+04
1.631555072416351504e+04
1.531041978968087460e+04
1.462609170466392789e+04
1.348147506012480699e+04
1.307116097423159772e+04
1.246407954782539855e+04
1.179368652880749505e+04
1.145701624929853642e+04
1.088106320563218105e+04
1.057084292131188158e+04
1.023944866883818031e+04
9.824584826391772367e+03
9.634097993935694831e+03
9.339750282448008875e+03
9.119075519248759520e+03
8.923919474422793428e+03
8.674057351782286787e+03
8.548766259588630419e+03
8.376386461592461274e+03
8.230466176195966909e+03
8.116233977108913678e+03
7.967226909760012859e+03
7.868129789299229742e+03
7.746377322406249732e+03
7.629920588897439302e+03
7.538678193784809082e+03
7.423993679387459451e+03
7.342072442009600309e+03
7.247337045778435822e+03
7.148607150583155089e+03
7.072939917446626168e+03
6.983418718866424570e+03
6.909275268647300436e+03
6.831003727484115188e+03
6.743396955819474897e+03
6.674992149119218084e+03
6.590720211367318370e+03
6.518333641173325304e+03
6.451515107997253835e+03
6.372703254620343614e+03
6.315394929575651986e+03
6.249095554499987884e+03
6.185832823871229266e+03
6.129026076236709741e+03
6.063732145316591414e+03
6.012979491962611974e+03
5.955214070758173875e+03
5.897495597636197999e+03
5.848815569434535973e+03
5.791587237568484852e+03
5.743567815311888808e+03
5.693000116044815513e+03
5.641453289738548847e+03
5.596801046115235295e+03
5.544505498794969753e+03
5.497587061760373217e+03
5.450677811910075434e+03
5.398300615846553228e+03
5.355293823795639582e+03
5.305258144784655087e+03
5.258977229204116156e+03
5.215372034606096349e+03
5.165117631592312136e+03
5.127223640818915555e+03
5.084025623291109696e+03
5.041841749177010570e+03
5.004745167958552884e+03
4.962454074649693212e+03
4.927931767123519421e+03
4.891236063734914751e+03
4.853435483154698886e+03
4.819094813456131305e+03
4.780274354116280847e+03
4.747602508602425587e+03
4.715141536430219276e+03
4.679919991853376814e+03
4.649100277273319080e+03
4.614859108421428573e+03
4.582924115804954454e+03
4.551409258224159203e+03
4.516775922311226168e+03
4.488345756439563957e+03
4.456142515611740237e+03
4.424016742161993534e+03
4.392944104516996049e+03
4.358087716456185262e+03
4.329720839191115374e+03
4.298490213864346515e+03
4.266734862349468131e+03
4.237767089260121793e+03
4.205070150771901353e+03
4.176742453252612904e+03
4.146921907534043385e+03
4.115548303407083949e+03
4.088635620125078731e+03
4.058241907739928138e+03
4.031085861505808680e+03
4.004323903900629830e+03
3.975333775575620166e+03
3.951172368141883453e+03
3.924450839325176730e+03
3.899024632219028263e+03
3.874610079448725173e+03
3.847570333953307909e+03
3.825269093359407179e+03
3.800758520555923496e+03
3.776530306276980355e+03
3.754126161803749255e+03
3.729612868551517749e+03
3.708113284728942745e+03
3.685564538130568963e+03
3.662629079023492068e+03
3.641716766450553223e+03
3.618820365228859373e+03
3.597987153003060030e+03
3.576950653026702184e+03
3.554909792794188888e+03
3.535205659359932724e+03
3.513914211868781877e+03
3.493473288014570244e+03
3.472951391428975967e+03
3.450832862403541185e+03
3.431200453568228568e+03
3.409761912374782241e+03
3.388677820168046310e+03
3.368334342736288818e+03
3.346065878672875442e+03
3.326606270750880412e+03
3.305914343355704659e+03
3.285148449523715044e+03
3.265965465362621217e+03
3.245172211085826348e+03
3.226540811517811107e+03
3.207400894988663367e+03
3.187658559768289706e+03
3.170058473463072460e+03
3.151131618600777529e+03
3.133620210345304258e+03
3.116255183019150991e+03
3.097975245547288523e+03
3.081862297107079030e+03
3.064612604750720038e+03
3.047961106923428360e+03
3.031757095075277903e+03
3.014349980077358850e+03
2.998987084009905630e+03
2.982651135533946217e+03
2.966393416526259443e+03
2.950782537654974476e+03
2.934035303172070144e+03
2.918737014239406108e+03
2.902760410465824862e+03
2.886476447954677496e+03
2.871198126270653574e+03
2.854921849783370817e+03
2.839601079274975746e+03
2.824080536748086161e+03
2.807992779893967054e+03
2.793345475390089177e+03
2.777763085184336887e+03
2.762951881194819634e+03
2.748409189669443549e+03
2.733050108258213186e+03
2.719453999737238519e+03
2.705077073752936485e+03
2.690960527518601339e+03
2.677351649595606887e+03
2.662911251524477848e+03
2.649896672272287105e+03
2.636355448764322318e+03
2.622746797015620814e+03
2.609838666717821525e+03
2.596243380030169192e+03
2.583509712709666928e+03
2.570414974396291655e+03
2.556940104484810036e+03
2.544467085755604785e+03
2.531273287695893487e+03
2.518672434122253890e+03
2.506117825585539777e+03
2.493009667270162026e+03
2.481057439980850177e+03
2.468467503010439032e+03
2.456244110419292610e+03
2.444353166680119557e+03
2.431760928173730917e+03
2.420330700393631560e+03
2.408321262048184508e+03
2.396421662569005548e+03
2.384988855665988922e+03
2.373002525225235786e+03
2.361835089239575609e+03
2.350342447692414225e+03
2.338636781809146214e+03
2.327673649674071385e+03
2.316148112730489174e+03
2.305296330847419995e+03
2.294490350046765798e+03
2.283380056357944341e+03
2.273001474687677273e+03
2.262158843512676413e+03
2.251598433032652792e+03
2.241197976418527560e+03
2.230285975017559849e+03
2.220282255143668408e+03
2.209797503778562259e+03
2.199380473767309923e+03
2.189175258586445125e+03
2.178420242706078625e+03
2.168331953676537069e+03
2.157933894402593069e+03
2.147471065513522262e+03
2.137457997428712133e+03
2.126990093855550185e+03
2.117040181233800922e+03
2.107038498836306189e+03
2.096778763453839019e+03
2.087013968662053230e+03
2.076810573590049444e+03
2.067254165002203536e+03
2.057894358077943252e+03
2.048114310085188663e+03
2.039196783358609082e+03
2.029796468828277284e+03
2.020495049390869099e+03
2.011252396659762780e+03
2.001510191945348879e+03
1.992659682969636606e+03
1.983414699679351088e+03
1.974160343285063618e+03
1.965314005372248857e+03
1.955865864005623052e+03
1.947042662415680070e+03
1.938130770471477263e+03
1.928992049321653212e+03
1.920200123420413775e+03
1.911059845941292224e+03
1.902128275489141060e+03
1.893153157873698774e+03
1.883980213949485915e+03
1.875213909799340627e+03
1.866229274051313723e+03
1.857311191578755825e+03
1.848584581152927740e+03
1.839551586525505400e+03
1.830946037490202343e+03
1.822110549222211375e+03
1.813369242811219237e+03
1.805045490204835232e+03
1.796223335459032114e+03
1.787848962416482436e+03
1.779280781453946020e+03
1.770656373743573113e+03
1.762586003202159873e+03
1.754151517322725795e+03
1.745907862145453009e+03
1.737436329552039297e+03
1.728637062108713280e+03
1.720706121423684635e+03
1.712482437723481780e+03
1.704370128414785313e+03
1.696318811813519233e+03
1.687818387930985864e+03
1.680164495773442468e+03
1.671972542673994440e+03
1.663466906000541485e+03
1.655085443311926838e+03
1.646572330422195591e+03
1.638569159755208602e+03
1.630328691254320574e+03
1.621773148002035441e+03
1.613575717731746181e+03
1.605204654307733108e+03
1.596770090667636396e+03
1.588146967919784402e+03
1.579586801838045176e+03
1.571228576786100803e+03
1.562621900282439583e+03
1.554274542792554712e+03
1.546265889966406121e+03
1.537797310856638433e+03
1.529751657723238395e+03
1.521203723697483383e+03
1.512645903912782387e+03
1.504279484068395959e+03
1.495664047227723813e+03
1.487879908620542665e+03
1.480041966683093733e+03
1.472142213855618138e+03
1.464194168203771369e+03
1.455517607357275665e+03
1.447304255637623783e+03
1.439358321048769994e+03
1.431327127354785262e+03
1.424074784286974136e+03
1.416807775115010827e+03
1.408697037637482708e+03
1.399965854462918060e+03
1.390926779867731739e+03
1.382848294523530967e+03
1.374330894416444153e+03
1.365928758642508228e+03
1.357714773278932398e+03
1.349369146333771596e+03
1.342434591078787435e+03
1.335516098661669957e+03
1.327850815989194643e+03
1.319721904999457138e+03
1.311088326240359038e+03
1.304141467499171085e+03
1.296738174596338695e+03
1.288766046839000865e+03
1.280459790097836276e+03
1.271842705208448024e+03
1.263868517134952981e+03
1.254997320264398468e+03
1.245806536773772677e+03
1.238124893309618074e+03
1.229727546988224503e+03
1.221490120974773163e+03
1.213487313277366411e+03
1.205348379717378748e+03
1.198397476364853674e+03
1.190543801650813748e+03
1.183035415462667970e+03
1.176280102739078757e+03
1.169315247023640495e+03
1.162981679109322840e+03
1.156091354440741043e+03
1.148909862910351876e+03
1.141746196638698393e+03
1.133734970522840285e+03
1.126797259357118264e+03
1.120097309774451560e+03
1.113383497733840386e+03
1.106842900199012547e+03
1.099851811451361755e+03
1.093534075830944630e+03
1.086775602466637110e+03
1.079829685277438784e+03
1.073891829104456747e+03
1.067431907182865643e+03
1.061261651293680188e+03
1.055487826178386740e+03
1.048817420981649775e+03
1.042517173312316118e+03
1.036498737942148637e+03
1.030423265290507061e+03
1.024957068916990465e+03
1.019209494547839427e+03
1.013572535519663688e+03
1.007906058521400837e+03
1.002224814525412285e+03
9.968836035835711300e+02
9.909020471886786936e+02
9.854661239379649942e+02
9.802346474814775092e+02
9.747440776514433765e+02
9.696023271370386283e+02
9.640159025847985959e+02
9.586291269102096066e+02
9.534686952503875546e+02
9.481112754910980129e+02
9.431287205627160120e+02
9.384999628632384656e+02
9.336914314046050549e+02
9.286310038150579658e+02
9.236168050819279642e+02
9.188712996901207362e+02
9.140207451582379008e+02
9.091665204730541063e+02
9.042793553983437960e+02
8.983108273622216302e+02
8.930805440299861857e+02
8.882557938768759414e+02
8.832398948548494673e+02
8.783547043978015836e+02
8.735247598835684357e+02
8.688868955645943970e+02
8.643541071013905821e+02
8.599235755262266139e+02
8.553974297252285623e+02
8.502532227590946832e+02
8.449692555170354353e+02
8.404799623387641532e+02
8.357727663908126488e+02
8.312496495675018195e+02
8.267874024502609700e+02
8.223178572061899558e+02
8.180001257074878822e+02
8.132977403248975179e+02
8.090755265359809982e+02
8.046337175734698803e+02
7.997521362733695014e+02
7.954664657211931171e+02
7.911064307874240740e+02
7.866890677377786005e+02
7.821788402272932217e+02
7.775327267351951832e+02
7.734443349840769315e+02
7.694104378135230036e+02
7.655264452661970154e+02
7.613779434166062856e+02
7.568685483989880822e+02
7.528950762021183891e+02
7.488131829193029034e+02
7.448005996138921319e+02
7.411730482990360542e+02
7.371596064334690936e+02
7.330205739819346036e+02
7.287390140126418601e+02
7.244843161867846675e+02
7.206803217042787537e+02
7.168797766259822311e+02
7.131745524210139138e+02
7.093869380510768679e+02
7.056322199219998765e+02
7.020671081099555977e+02
6.980305605005419238e+02
6.939957259358156989e+02
6.903101471037826968e+02
6.865522990475682263e+02
6.831754031702608927e+02
6.798143025224112534e+02
6.762674273266609362e+02
6.728072045872327180e+02
6.693262659696242736e+02
6.659540286651000542e+02
6.624075207093151221e+02
6.588360090955243322e+02
6.553533647133540398e+02
6.519058650384333760e+02
6.486933369221416115e+02
6.452213833693746210e+02
6.416855813059277125e+02
6.385425165948171298e+02
6.351213377835637175e+02
6.318298292057269236e+02
6.286941564437524903e+02
6.252167201443850217e+02
6.220847570787764198e+02
6.186017860985585912e+02
6.152863322607925056e+02
6.123829345519610570e+02
6.093754172425360593e+02
6.063723684445543540e+02
6.030504467444062584e+02
5.998620947805378592e+02
5.970120722321199764e+02
5.938487651369188143e+02
5.908673935748424810e+02
5.880157596559407693e+02
5.849689888656661196e+02
5.819472242241304230e+02
5.786178792782130813e+02
5.754598385614140170e+02
5.724949582593364994e+02
5.695534098021742011e+02
5.668469341361384295e+02
5.637763098964834398e+02
5.608181833371108951e+02
5.580426590758157772e+02
5.552550090720177423e+02
5.524450210092987845e+02
5.493751548868922328e+02
5.465069727652778511e+02
5.438660646788335953e+02
5.411116184451049094e+02
5.384167831110182760e+02
5.356940669931027514e+02
5.331096820449812412e+02
5.307274116403600601e+02
5.280404971004667232e+02
5.255409890439200353e+02
5.229081932710082583e+02
5.202006571818002385e+02
5.172324661054238959e+02
5.147471939883934056e+02
5.122564403219886344e+02
5.096156458166585708e+02
5.067774341910047156e+02
5.035968618516707238e+02
5.009210494608735189e+02
4.984434427016344671e+02
4.959195175202842734e+02
4.932276625081673842e+02
4.903671641105003687e+02
4.877929153558729354e+02
4.853864498318282017e+02
4.829524105047932494e+02
4.804073816255553879e+02
4.776189563132913918e+02
4.748458648145725647e+02
4.723433539851824321e+02
4.698814368754337920e+02
4.673412027978935726e+02
4.646940478649141824e+02
4.622198393398052758e+02
4.599750719061695463e+02
4.575820825584956992e+02
4.550561003292799569e+02
4.523806937493611144e+02
4.497616614509184387e+02
4.475858258363305708e+02
4.453086864202708171e+02
4.429189086939440472e+02
4.404062323408459179e+02
4.378284386644737651e+02
4.355219944605719320e+02
4.332170655726746418e+02
4.309305615083404746e+02
4.286807085951307386e+02
4.262237078162165744e+02
4.240411879548298657e+02
4.218767614247800566e+02
4.196461425748210559e+02
4.173014854378146765e+02
4.147413089426284500e+02
4.127831992406923973e+02
4.107968547662595711e+02
4.086737222320799106e+02
4.064207718715538249e+02
4.039553683742096268e+02
4.018943503553973642e+02
3.999599098187033519e+02
3.978909074382401059e+02
3.956656920878570531e+02
3.933302123562057773e+02
3.911166949154063559e+02
3.890635442948432114e+02
3.869743985200944394e+02
3.848957340574452246e+02
3.827552766684821108e+02
3.806732115874660849e+02
3.787695672214622959e+02
3.767911538832510701e+02
3.746405076920152624e+02
3.723219725572358243e+02
3.700728460616459756e+02
3.680810960969577081e+02
3.660519786953159951e+02
3.639671708362511708e+02
3.618441714973330363e+02
3.597838208343180781e+02
3.579429083274757772e+02
3.560302040741914311e+02
3.540293556984059933e+02
3.519226097959480626e+02
3.496590771875982568e+02
3.477799905915456975e+02
3.459025681952459763e+02
3.438477740304076633e+02
3.417378545139950461e+02
3.395757222169113447e+02
3.379653203675071040e+02
3.361910068284058184e+02
3.342237058064761754e+02
3.321807431216278133e+02
3.300182806784508784e+02
3.281458492578290134e+02
3.262536281927991695e+02
3.241964699424809169e+02
3.221082030143728048e+02
3.199662353745678161e+02
3.181896769972246375e+02
3.165028166508412824e+02
3.146796100559101319e+02
3.126230450291848797e+02
3.102779110508672034e+02
3.082915615149028099e+02
3.065282408730402040e+02
3.046993741587841669e+02
3.028392870626926765e+02
3.008993380053976239e+02
2.991384331114057886e+02
2.975805965766278973e+02
2.958844912113787018e+02
2.939960552336822843e+02
2.919853536274544581e+02
2.900075055439440348e+02
2.881574654783553342e+02
2.863004298284022298e+02
2.844699066834015753e+02
2.825644868699365020e+02
2.806566863042468754e+02
2.790808277633389025e+02
2.774105246892103764e+02
2.755890731126681885e+02
2.736776556908484395e+02
2.716984843933489628e+02
2.700763398154953734e+02
2.683328203493188084e+02
2.664388276362435022e+02
2.644662263458862981e+02
2.623480610382626423e+02
2.606782396649188058e+02
2.589958681996899372e+02
2.573379354226630653e+02
2.554669157759510369e+02
2.535202920493060503e+02
2.517804928168452534e+02
2.500043122318219844e+02
2.482586284509229984e+02
2.464172373670284060e+02
2.445113844617248446e+02
2.428594957017666616e+02
2.412771900718537097e+02
2.396421863676216901e+02
2.378302697110607937e+02
2.357858819798156276e+02
2.339571283702053108e+02
2.323580978984062142e+02
2.307721097907326282e+02
2.291313527538700612e+02
2.273663712231888780e+02
2.258380231680384327e+02
2.245411339905869568e+02
2.230876829753973709e+02
2.213548511440948801e+02
2.192134012633786426e+02
2.170018817475809669e+02
2.152670129639955690e+02
2.136708151948102454e+02
2.121252959875589852e+02
2.105933433899077443e+02
2.091083490131503879e+02
2.076699048275544328e+02
2.061538187227434946e+02
2.045916375098466915e+02
2.028594187365461039e+02
2.010605646139742930e+02
1.997007674662670524e+02
1.983244733614880602e+02
1.969228607266594508e+02
1.953096313149193008e+02
1.935068293989145332e+02
1.919423265304115489e+02
1.903461869520563994e+02
1.888871047548820172e+02
1.874326302330217402e+02
1.858712889416299561e+02
1.843555322490437902e+02
1.827807365601041738e+02
1.812539041089069372e+02
1.797256372667379196e+02
1.780601097472312233e+02
1.762996040567235525e+02
1.747046774925571526e+02
1.731487944611166654e+02
1.715572188483661762e+02
1.698699850366209887e+02
1.681770610032421871e+02
1.665053684085661416e+02
1.648792682240309944e+02
1.633591468915572875e+02
1.618537847852610980e+02
1.600751013527401483e+02
1.581547853102252361e+02
1.562782013611482910e+02
1.544147369126424678e+02
1.524936635576376034e+02
1.501314923776697583e+02
1.476809411077288701e+02
1.454802729979230946e+02
1.433434779138315776e+02
1.411864686336469106e+02
1.385916274339793972e+02
1.355742629036987807e+02
1.327640908830973103e+02
1.298834421543639905e+02
1.268723502998444843e+02
1.239226406893682082e+02
1.213208734873884964e+02
1.186503664977238799e+02
1.155847379101022767e+02
1.121804133068063720e+02
1.083459581519564381e+02
1.059904777613402445e+02
1.037931582575608758e+02
1.016110848582140704e+02
9.937794224957512768e+01
9.681067393967879298e+01
9.458069674404700322e+01
9.269384928383483668e+01
9.102464190399206245e+01
8.931746524906409945e+01
8.742168187897232201e+01
8.594823256349660312e+01
8.470216671348352122e+01
8.352513579398276988e+01
8.224592704640365071e+01
8.088690290221481405e+01
7.991574371295000390e+01
7.918769906859571961e+01
7.844617641193472934e+01
7.766423111715656091e+01
7.671154918303339798e+01
7.584615506584148648e+01
7.522130544891003012e+01
7.455558564343597538e+01
7.385079262287449353e+01
7.306611477547045297e+01
7.234327020221050475e+01
7.182756312701246770e+01
7.131314251963533479e+01
7.079878865906874807e+01
7.025020302886399293e+01
6.975767515437890154e+01
6.941230960792063343e+01
6.903755742933007866e+01
6.862850973089214790e+01
6.814905887472734491e+01
6.764853419807556634e+01
6.730170613474714969e+01
6.694857781185912415e+01
6.660255397435690838e+01
6.622477492169743130e+01
6.582467887659753103e+01
6.552132524403472758e+01
6.520172310282804062e+01
6.488294185440140893e+01
6.455790834553759794e+01
6.421070291510140748e+01
6.396341277506139988e+01
6.371719392396202153e+01
6.344342788522688181e+01
6.312038730200864478e+01
6.274265878652119000e+01
6.245955742026259827e+01
6.220065872438289745e+01
6.191782199697018996e+01
6.161965855215569121e+01
6.131464295697269051e+01
6.103548086542537732e+01
6.079780194576719765e+01
6.055957576449151958e+01
6.031721679312796880e+01
6.005132060035235497e+01
5.979080203838929464e+01
5.960188355703332519e+01
5.940989120190356232e+01
5.919140334446551321e+01
5.890483826900141651e+01
5.855376661425194129e+01
5.836553590520479418e+01
5.816346880540928765e+01
5.793848865565104944e+01
5.766517574235367505e+01
5.733675508751282734e+01
5.711265975438006848e+01
5.690863638005715330e+01
5.670881517717909048e+01
5.649084074103687669e+01
5.625643894334743322e+01
5.603228485101166712e+01
5.581420861501274544e+01
5.560728504435422082e+01
5.539636460913573046e+01
5.516945661077190977e+01
5.503725543337564829e+01
5.487794027548280695e+01
5.468176230415104300e+01
5.444581879970982641e+01
5.416773541215139431e+01
5.392251563715162632e+01
5.370446412918199286e+01
5.348666499649853279e+01
5.328147823497428703e+01
5.309584695433643731e+01
5.292574112392595254e+01
5.275598233750659460e+01
5.255875675850923301e+01
5.234706727239016999e+01
5.214802363065970781e+01
5.199491661354691985e+01
5.186613647474912625e+01
5.171545131792152716e+01
5.153076009289855364e+01
5.130051146086493219e+01
5.106634782264453776e+01
5.091155378033997181e+01
5.072984452934655053e+01
5.053590727583533493e+01
5.032860643594656835e+01
5.012896790440216677e+01
4.995227899963938256e+01
4.976710867037872532e+01
4.958756472496871481e+01
4.940719617233390437e+01
4.923829674427400249e+01
4.907122044780347636e+01
4.890383618906347607e+01
4.873295373337563774e+01
4.854839966487113401e+01
4.836509252888148325e+01
4.822002187748058333e+01
4.806629083113337231e+01
4.790055112247662095e+01
4.771544097513157823e+01
4.750466408116540862e+01
4.733582076235002489e+01
4.716966570241540779e+01
4.700896237298321267e+01
4.684673075982750845e+01
4.667801125070661783e+01
4.653622500933276029e+01
4.639451675300497868e+01
4.624167293929555456e+01
4.606286819050829706e+01
4.586773435809316624e+01
4.572621144790151959e+01
4.560666476115603274e+01
4.547370396289979766e+01
4.531229561410858508e+01
4.511463342440657698e+01
4.492119919193899591e+01
4.475231862566066354e+01
4.458834573014804903e+01
4.443044731435691830e+01
4.427371757941127584e+01
4.413756450667641928e+01
4.400871813316033609e+01
4.386430919645662385e+01
4.371382792547650809e+01
4.355314803027410875e+01
4.339879079109610416e+01
4.328439469973903186e+01
4.315479934940857731e+01
4.301020297365550249e+01
4.283698508612705780e+01
4.265271082302921002e+01
4.252853237599858005e+01
4.239193284519679850e+01
4.225137430607689737e+01
4.209878061304749508e+01
4.193155270412781022e+01
4.182447149442294432e+01
4.170536619729425354e+01
4.157230560797322738e+01
4.141353891927668940e+01
4.122523713217704966e+01
4.110136108043869285e+01
4.097259584630431561e+01
4.084031492845958411e+01
4.069945508575624871e+01
4.054429551710682489e+01
4.042724531047286263e+01
4.031551082184903123e+01
4.019544171362633733e+01
4.005720521661439193e+01
3.989252537548034638e+01
3.975339890417380673e+01
3.963250378185079370e+01
3.950758653748849270e+01
3.937704591266954424e+01
3.923513456138339706e+01
3.910765662130150844e+01
3.899327411955646028e+01
3.887250726589869743e+01
3.874523482969980392e+01
3.860865702502540842e+01
3.848191997775334272e+01
3.837796914213122790e+01
3.826602212482452359e+01
3.814385049504261360e+01
3.801027254003091826e+01
3.787874631532430669e+01
3.777459112629332338e+01
3.766174941019415456e+01
3.754268696901429081e+01
3.741998741572106013e+01
3.729545087804350345e+01
3.719390991667663826e+01
3.708518898563839628e+01
3.697127809321654723e+01
3.685299273218486604e+01
3.672805856604195185e+01
3.662879882749724203e+01
3.652345651816749239e+01
3.641352288090065770e+01
3.629805833763587941e+01
3.617655086711126700e+01
3.607304956031612875e+01
3.596944835072959279e+01
3.586282818254728966e+01
3.575214103700385238e+01
3.563778225666968780e+01
3.553130660105306760e+01
3.542657939638540654e+01
3.532075386808409689e+01
3.521390891941342716e+01
3.510753012244612847e+01
3.500161565371848127e+01
3.489609452973027004e+01
3.479037454818283948e+01
3.468427425984840795e+01
3.457787047409264858e+01
3.447133933528849070e+01
3.436358533404241911e+01
3.425379402632476200e+01
3.414103326673371441e+01
3.402483068845346992e+01
nan
nan
nan
nan
nan
nan
nan
nan
nan
nan
nan
nan
nan
nan
nan
nan
nan
nan
nan
