1.162669233000561929e-02
1.158120667115545253e-02
1.153835942739503233e-02
1.130544093237355330e-02
1.083523110286621106e-02
1.035961653749158974e-02
9.798609348461542398e-03
9.221882405696853538e-03
8.678186556988928130e-03
8.209474327771828367e-03
7.737203207331991642e-03
7.327868326899663991e-03
6.936167201802838356e-03
6.552742930579439316e-03
6.211669978859886768e-03
5.870014894058989824e-03
5.550822936682390900e-03
5.244720299404146899e-03
4.941557320107618431e-03
4.674393879246364729e-03
4.406827680594328604e-03
4.156363635621078932e-03
3.922445348588336246e-03
3.686145589472868134e-03
3.477231736498844449e-03
3.268727674228841078e-03
3.070978594758611534e-03
2.890979684467473269e-03
2.709534433195598738e-03
2.547247244619947875e-03
2.389250140699710877e-03
2.237028982037040942e-03
2.101364837546338803e-03
1.964837305329267605e-03
1.839685856357260903e-03
1.720006522749590412e-03
1.602059012125639980e-03
1.499830623612955719e-03
1.397590486718845552e-03
1.302625634865015123e-03
1.212673159867372428e-03
1.122161719246204253e-03
1.046347339416250953e-03
9.698802855859180909e-04
8.979130590616502851e-04
8.325466286609502090e-04
7.669392708886979852e-04
7.100070102061467126e-04
6.541605263700199296e-04
6.010379110192302270e-04
5.542239901721798812e-04
5.068396166100631699e-04
4.657442271684222889e-04
4.266520958444435679e-04
3.885622940538717581e-04
3.559505035190778377e-04
3.230747780949059069e-04
2.941181232902319786e-04
2.674244678801517157e-04
2.406999907747745676e-04
2.187531355354566890e-04
1.966590418574695731e-04
1.765652632179366514e-04
1.586532634424970114e-04
1.405967261547983404e-04
1.260481211555011826e-04
1.116524575594451745e-04
9.834267075474585563e-05
8.699957588349627017e-05
7.557040818682747465e-05
6.634402550365509641e-05
5.761306172475907824e-05
4.932811088095282912e-05
4.275787697406108960e-05
3.614595276058900445e-05
3.076810520042692963e-05
2.596375693104681812e-05
2.129163895031461391e-05
1.801649085882067316e-05
1.471059048262071359e-05
1.203531284865695262e-05
9.897381432653937257e-06
7.757228782912677618e-06
6.431778578653246197e-06
5.115538954868810208e-06
4.024913954652865682e-06
3.260400749490403082e-06
2.491970890338613801e-06
2.022562741846905645e-06
1.603741426495453629e-06
1.240868962403164720e-06
1.022560478330298545e-06
8.029064619714314960e-07
6.626383912687207224e-07
5.511617219475643920e-07
4.475042982843217798e-07
3.868842020959002003e-07
3.263751839830453005e-07
2.823986781633384021e-07
2.497255017167011907e-07
2.177916226606309073e-07
1.969277783518054371e-07
1.761271580436110697e-07
1.582933993877414993e-07
1.441549256905391918e-07
1.304340326243217262e-07
1.203299319328433213e-07
1.105141678590475833e-07
1.018247648298766434e-07
9.503640355038228671e-08
8.823215654892805498e-08
8.261044864938226299e-08
7.741755509580078875e-08
7.244655724539417444e-08
6.815313101746580642e-08
6.383446649592542662e-08
6.012121552778463979e-08
5.669911116650849534e-08
5.336425183204718530e-08
5.068163667095820333e-08
4.806645978172448933e-08
4.573374884522313911e-08
4.363277169756685753e-08
4.149004209591030471e-08
3.968872903556870864e-08
3.785454246794289849e-08
3.614120701133495749e-08
3.462381631339098760e-08
3.308192310983532804e-08
3.172373173916744096e-08
3.040248213377109079e-08
2.915697471572019813e-08
2.801822416364287279e-08
2.687774476869481924e-08
2.586919795020135327e-08
2.491621675785919687e-08
2.397764096347441341e-08
2.309699481861593787e-08
2.221546895105638293e-08
2.138668134658335864e-08
2.061024260538306825e-08
1.984086262525917562e-08
1.917247449236086654e-08
1.850726375403078041e-08
1.789989620383174691e-08
1.734264973758792847e-08
1.678635912685312079e-08
1.627233860250118949e-08
1.576937570213643822e-08
1.528100056072934880e-08
1.483725055663468871e-08
1.440658117949874218e-08
1.399424767260838450e-08
1.358686867053070369e-08
1.320158772063912967e-08
1.285945377849493223e-08
1.252726255860656985e-08
1.218331164130404201e-08
1.183553800943525803e-08
1.150043097206496969e-08
1.116179392211173861e-08
1.082366549584862445e-08
1.050963790096504005e-08
1.021787558752970232e-08
9.923371564115614546e-09
9.642461799012997722e-09
9.363092327680041293e-09
9.094995676987989214e-09
8.837624305370083478e-09
8.588627031490493178e-09
8.354467562563875143e-09
8.122383307609368091e-09
7.897686367801903605e-09
7.695260148735961942e-09
7.489978428873913181e-09
7.297909941403533409e-09
7.111746985915262200e-09
6.926016781448538177e-09
6.762351551300653830e-09
6.588986067028384751e-09
6.421937951008404741e-09
6.261984290708037863e-09
6.098532402712342983e-09
5.955555781587988953e-09
5.812636185687070034e-09
5.674245039772982509e-09
5.541539779857985628e-09
5.409984099709284096e-09
5.291042555154693806e-09
5.170506791511567244e-09
5.053516587083032818e-09
4.941628708033049979e-09
4.829563846702650462e-09
4.726393884714626504e-09
4.625459712195694709e-09
4.520920343643948149e-09
4.427846161762527935e-09
4.333432439873716516e-09
4.237893919427340610e-09
4.141634126457246121e-09
4.041982859033064800e-09
3.946476565323834287e-09
3.849629082126678158e-09
3.756940666918877062e-09
3.668454210224096898e-09
3.580092120543723729e-09
3.499089864820093882e-09
3.417488802970669433e-09
3.338511409479222139e-09
3.261707407378587857e-09
3.183977102844701740e-09
3.110579787958528920e-09
3.038886526126326931e-09
2.970211886595531565e-09
2.911495316932307603e-09
2.852066606025536589e-09
2.793383853496614987e-09
2.734477506161961909e-09
2.675733566545600914e-09
2.624541720356399790e-09
2.572442205462939551e-09
2.520668229662970550e-09
2.470794978944584706e-09
2.421594361106245392e-09
2.374636553975545951e-09
2.329867231414552679e-09
2.283608117078961011e-09
2.235771158250877607e-09
2.189404440795869176e-09
2.145577861688287964e-09
2.103318612962206093e-09
2.062528606905859907e-09
2.024326007435132938e-09
1.984718979817367778e-09
1.946648172566331996e-09
1.908855039518081467e-09
1.870851370566093986e-09
1.835223139208131237e-09
1.799809543493295014e-09
1.765710040843381843e-09
1.732273537709590348e-09
1.699919490042827133e-09
1.671637347074177607e-09
1.642906916872435063e-09
1.615373767175738228e-09
1.588582062051062347e-09
1.559686493054366786e-09
1.531218526914399469e-09
1.504160415093792554e-09
1.478968402457283958e-09
1.456377788002524224e-09
1.433274666070040791e-09
1.405629997473492040e-09
1.378458632917283950e-09
1.352935945653499478e-09
1.331438463609394818e-09
1.310421533402135027e-09
1.288203730046765719e-09
1.265028760897520311e-09
1.242843842975771051e-09
1.222575083975798465e-09
1.201745406360136819e-09
1.182058116936151601e-09
1.164607633294107991e-09
1.147051430304524314e-09
1.128127692097432827e-09
1.109153968932438990e-09
1.091457743777586346e-09
1.074598448856140645e-09
1.058181598330252650e-09
1.042267594812786795e-09
1.025809402213742540e-09
1.010346000876364873e-09
9.963365865807426486e-10
9.823082916095289925e-10
9.686471318811216181e-10
9.552617443644333833e-10
9.419117108612772812e-10
9.291639435318628985e-10
9.162744187020981188e-10
9.042450622698231732e-10
8.918452859670240387e-10
8.787580246758377038e-10
8.662913983943855059e-10
8.542380824451873191e-10
8.414218314417375093e-10
8.283897582462434459e-10
8.154584714710271918e-10
8.059696653175474158e-10
7.968218035710983500e-10
7.865309309781649374e-10
7.742123616364225985e-10
7.626032977400679656e-10
7.511513161894713504e-10
7.414282172815257424e-10
7.309542354072560564e-10
7.207778634413961686e-10
7.120352330107005493e-10
7.033327644415564124e-10
6.946524286875433802e-10
6.857085843972281178e-10
6.776567006699073124e-10
6.684761549806679475e-10
6.601992357542835212e-10
6.527451906410904333e-10
6.451440576004825283e-10
6.377337191022329184e-10
6.300236326280338708e-10
6.221326001030314486e-10
6.140839086991243373e-10
6.049465958420225022e-10
5.976013954909562962e-10
5.906855097257456933e-10
5.842820092391231168e-10
5.798959440284301137e-10
5.760560754083224728e-10
5.698969611121645679e-10
5.633600112011237898e-10
5.595065173251573974e-10
5.531487063550828524e-10
5.462137529480935975e-10
5.407630246511066271e-10
5.359296331405778644e-10
5.297720810204254957e-10
5.249509615463741070e-10
5.208907944654811330e-10
5.154208476537788377e-10
5.095373286817651441e-10
5.034016071987327707e-10
4.972037622553375105e-10
4.899445152740551916e-10
4.826591318851139253e-10
4.744582442523598058e-10
4.659990656233039753e-10
4.596619310665297253e-10
4.544199637375340647e-10
4.478506219027426565e-10
4.461786913236857560e-10
4.448831901552877658e-10
4.418722488807457274e-10
4.363546078881731121e-10
4.299434416662163121e-10
4.268661226373541058e-10
4.244550778014530938e-10
4.236648650280179752e-10
4.234837232212644854e-10
4.221427651231341728e-10
4.193681898127638658e-10
4.153213894307517326e-10
4.113363153465097555e-10
4.100337608379578751e-10
4.085221824918159314e-10
4.038746023732669357e-10
3.966735767676716187e-10
3.918490343937427739e-10
3.896093306803930446e-10
3.846414642189064677e-10
3.770338021730724471e-10
3.715837467339070049e-10
3.662165636578041276e-10
3.589085375894873491e-10
3.517985984593545853e-10
3.468256663991747697e-10
3.443172515254633848e-10
3.415140084616622489e-10
3.399816937858145638e-10
3.377510996503348175e-10
3.322388130871894258e-10
3.230018725462710241e-10
3.157779581476636216e-10
3.144829228584013066e-10
3.139912283218921437e-10
3.146832837097829081e-10
3.185191572218791538e-10
3.220455177796323119e-10
3.232190152978627784e-10
3.211703070911336841e-10
3.162555941757474245e-10
3.135256504237221426e-10
3.093964117963481937e-10
3.026646576760766979e-10
2.929500104908942116e-10
2.850869203152086240e-10
2.868766633572801816e-10
2.865980174576718566e-10
2.840467975605960143e-10
2.809437432142761846e-10
2.783836176331344710e-10
2.803112586244795140e-10
2.909188026278848681e-10
2.965483205778328451e-10
2.964248784534653562e-10
2.985145446444617639e-10
2.897879910342553832e-10
2.757377577803876128e-10
2.694149911104518203e-10
2.639954983445590777e-10
2.558158970669362872e-10
2.490897836701612081e-10
2.433807632057400309e-10
2.364803989863836489e-10
2.267239214225072633e-10
2.182967325797639497e-10
2.112384812176735679e-10
2.055732878656334070e-10
2.048307099616590297e-10
1.990672625286254352e-10
1.945835980217959872e-10
1.907249435561168655e-10
1.873576364614332877e-10
1.848000053806024152e-10
1.810558049431171105e-10
1.786522793676115774e-10
1.780755579191254418e-10
1.752063533890630213e-10
1.746579545888580028e-10
1.687288732973778771e-10
1.598516295653330993e-10
1.566646021185243955e-10
1.550408815385974850e-10
1.518975529774099459e-10
1.478244961131814920e-10
1.442105416515442748e-10
1.411032604683500028e-10
1.407054399154351311e-10
1.388650233695893485e-10
1.357133185227427642e-10
1.319229110064100054e-10
1.292891241489703801e-10
1.292734151731291836e-10
1.279239436941203045e-10
1.246171763691462054e-10
1.211950124114055883e-10
1.184771756158270660e-10
1.178994247388628019e-10
1.176027410512760073e-10
1.160357374281533335e-10
1.133725504579257949e-10
1.117528517219264547e-10
1.107612954793145672e-10
1.095857090309335994e-10
1.072997213606784521e-10
1.070715488629834970e-10
1.077656273671806100e-10
1.070516293575882512e-10
1.048810984597360028e-10
1.034651646793561920e-10
1.030013452329557230e-10
1.038826294783829564e-10
1.035855803962126461e-10
1.010654288693536571e-10
9.856016445421369974e-11
9.906242517437652558e-11
9.836489801794251067e-11
9.661520669301352951e-11
9.405184377403544581e-11
9.199432660213748025e-11
9.045467216959706462e-11
8.998435472488671651e-11
8.922615697735653479e-11
8.512437178632102663e-11
8.108823800134739187e-11
7.917897541447639875e-11
7.798497895485386208e-11
7.713613243623550762e-11
7.761910628116861653e-11
7.779480117688135156e-11
7.645727136965550791e-11
7.565257778437953452e-11
7.448843310240386084e-11
7.264502954303681707e-11
7.036569881108209760e-11
6.856074868521628186e-11
6.770517471918277185e-11
6.612239335088742308e-11
6.469202618433093574e-11
6.422205996130777290e-11
6.342289668357155407e-11
6.288403179825713168e-11
6.242748779600678735e-11
6.121244127076870214e-11
6.032260778151603319e-11
5.947355837914230639e-11
5.899569512671006540e-11
5.741147571357079701e-11
5.616140652534492130e-11
5.553319541444372123e-11
5.449555391155991510e-11
5.303216800801925215e-11
5.144173145591636570e-11
5.041373696561301212e-11
5.004816985715999733e-11
5.012008421202457657e-11
4.943920610713941192e-11
4.947423802669893639e-11
4.903000129227559523e-11
4.617632197705048018e-11
4.395729645525801646e-11
4.333489918483166418e-11
4.316072910931791848e-11
4.312414894670451363e-11
4.241147015710757780e-11
4.183993593068273930e-11
4.142967205968691412e-11
4.157087929480032840e-11
4.181630456574470285e-11
4.112826163385353221e-11
4.046163918487912344e-11
3.954724301428777433e-11
3.875426931708278641e-11
3.847315044987326543e-11
3.787307811074738052e-11
3.673281702983334444e-11
3.557989755599835402e-11
3.517195270744141306e-11
3.488541078834675924e-11
3.431731573324783544e-11
3.371237310125389175e-11
3.301913255045112801e-11
3.301339386180341210e-11
3.261215306060356191e-11
3.197258775710768179e-11
3.204027212184700840e-11
3.257356433390921227e-11
3.220580895707709587e-11
3.139325911910957675e-11
3.073060538775520725e-11
3.024732366739707856e-11
2.950828476112245496e-11
2.957583392378411018e-11
2.855642969237487135e-11
2.778426923075911725e-11
2.729498300941268307e-11
2.655168629414905972e-11
2.655606948780458145e-11
2.670735701039773794e-11
2.633310414665772960e-11
2.584562732399721968e-11
2.539028241448891874e-11
2.485498252713466541e-11
2.464591854810650727e-11
2.446754760796375255e-11
2.407641435259603737e-11
2.386398439083109547e-11
2.376340072749267476e-11
2.351432180680691303e-11
2.321754165613422863e-11
2.300564688687863513e-11
2.264873873496377373e-11
2.199206755986217658e-11
2.099004922068088791e-11
2.029420830714455408e-11
1.963911449928019341e-11
1.917962221297250903e-11
1.878493975965414972e-11
1.841890879242551969e-11
1.809979442029030914e-11
1.777009166367083661e-11
1.733647651586162451e-11
1.711348053420305135e-11
1.693486143199865320e-11
1.679011003432122594e-11
1.660656734821646499e-11
1.641191007818467417e-11
1.607730193876297037e-11
1.570952851462568975e-11
1.535576693796166893e-11
1.497900480234784578e-11
1.452180545760756928e-11
1.409935901594732009e-11
1.354357958020148950e-11
1.330972274544536293e-11
1.339691410001865767e-11
1.352585802899337754e-11
1.359892649654891291e-11
1.368709296126803412e-11
1.358867545306518684e-11
1.325112954944107031e-11
1.296454127941173542e-11
1.269904845935060839e-11
1.245475623893300073e-11
1.221524070452238216e-11
1.196225731272756396e-11
1.168206709281049151e-11
1.134913473731184714e-11
1.103140316710212257e-11
1.081614747475633500e-11
1.087948312232028074e-11
1.094392646469718010e-11
1.098388904900280774e-11
1.073968268552109607e-11
1.055041888103978076e-11
1.062093787930598941e-11
1.067470043901812199e-11
1.054779483737086511e-11
1.047575756038590770e-11
1.034815260113165252e-11
1.007548603807716330e-11
9.803471946016716954e-12
9.502963121347940966e-12
9.172012161759744688e-12
8.851650606558495453e-12
8.719239277625876271e-12
8.635365614745181521e-12
8.529183643251421830e-12
8.405170020969565125e-12
8.314022235316156576e-12
8.288746819965301368e-12
8.260285807554179420e-12
8.252467645626912722e-12
8.225389467912220983e-12
8.138139810958866178e-12
8.040114064266823539e-12
8.009477295005005624e-12
7.939733367334262875e-12
7.806065091752419681e-12
7.701181374252394419e-12
7.615179735525074097e-12
7.498293357350435436e-12
7.419654507303422761e-12
7.409633580155367066e-12
7.419597523633715525e-12
7.386514562293699625e-12
7.258859094528499046e-12
7.145487956955931920e-12
7.091265375745394836e-12
7.012570641835530503e-12
6.956155171696817155e-12
6.920056757312406712e-12
6.892279230958200277e-12
6.839019948312291083e-12
6.785128797133010477e-12
6.710369059144097231e-12
6.478472623626738275e-12
6.244771920901733814e-12
6.016433508479947914e-12
5.924539596336049408e-12
5.843193168025422375e-12
5.798255449059774103e-12
5.752212112822780366e-12
5.780213066845860542e-12
5.850265430630361608e-12
5.921000044190286004e-12
5.845562708605324225e-12
5.725793832931784172e-12
5.537271551372581401e-12
5.303165604035843890e-12
5.080867440883339628e-12
4.997461953414721837e-12
4.986742971789109343e-12
5.018930279930900835e-12
5.072799661722102227e-12
5.092492067609336137e-12
4.996158009872231020e-12
4.826670687714233785e-12
4.645105486603398017e-12
4.511384992066468504e-12
4.445896167205022383e-12
4.439604963480081215e-12
4.465112539934833593e-12
4.497622572923604447e-12
4.542572551785298057e-12
4.556839646259397584e-12
4.537238601752172264e-12
4.465307208352886469e-12
4.409013824696332019e-12
4.348238152591943591e-12
4.290985641894906299e-12
4.216346081785126748e-12
4.082983391987203572e-12
3.942538135343059522e-12
3.796748468533746874e-12
3.717597497148607861e-12
3.640867508375006384e-12
3.602829756579926286e-12
3.567531410569268618e-12
3.528055561511987766e-12
3.522940887509001283e-12
3.514144065869603560e-12
3.460861106685158687e-12
3.402355805418041548e-12
3.372286421983606246e-12
3.348425154175124801e-12
3.325078431592927663e-12
3.267875199361912211e-12
3.201175944859550689e-12
3.134021628422003116e-12
2.998884334260265464e-12
2.871044127130554130e-12
2.820824376290324805e-12
2.834577620124900055e-12
2.848320571826835057e-12
2.825843758676379988e-12
2.803213595354845077e-12
2.711335313453623890e-12
2.547997244093270939e-12
2.381620561506132422e-12
2.205647146814087989e-12
2.046987477244683941e-12
1.979545758769505869e-12
2.054018658035808220e-12
2.158048213939769103e-12
2.247567813688513374e-12
2.326193459909025344e-12
2.370767777124028897e-12
2.305268936099557094e-12
2.240965817313153048e-12
2.159222470477574559e-12
2.078741535497661668e-12
2.014817526294022970e-12
1.972017584047318773e-12
1.907818024713524003e-12
1.832557819804586792e-12
1.751735539096804131e-12
1.662723956520853859e-12
1.661881728423112249e-12
1.656364304914900082e-12
1.664640385717474737e-12
1.658961058984300278e-12
1.653736311437249084e-12
1.630292930623017481e-12
1.597040132882129033e-12
1.558080465721275389e-12
1.528694053891054913e-12
1.497675222955319190e-12
1.477797060826954454e-12
1.466399691791231177e-12
1.461889584420877228e-12
1.457032118948147434e-12
1.447548677373347047e-12
1.453369149915962620e-12
1.471069890137201484e-12
1.475570760198261275e-12
1.482916015215933669e-12
1.477311752024623396e-12
1.497337501638597265e-12
1.500986454191072758e-12
1.504598317767152225e-12
1.507642561948474995e-12
1.511004188633364786e-12
1.495791010670669688e-12
1.502400938991745187e-12
1.498020327725547899e-12
1.487883117540318733e-12
1.476295341348319682e-12
1.469259378486475591e-12
1.453210445179320518e-12
1.440459857232314157e-12
1.427920072636475067e-12
1.416393363086409973e-12
1.408164441438829772e-12
1.385268431623164799e-12
1.365622045122550484e-12
1.357342645693854105e-12
1.348638161303410084e-12
1.335144963198378676e-12
1.332225045355834274e-12
1.315872487262226517e-12
1.297973140798823309e-12
1.283420805169885145e-12
1.258495023448971824e-12
1.290156734895247189e-12
1.320568993632540475e-12
1.325694250905634946e-12
1.324836562513106725e-12
1.321333781831959675e-12
1.312094187723122792e-12
1.308413080422504587e-12
1.304706858421215220e-12
1.286467346922421777e-12
1.256449617417307570e-12
1.226881975816597757e-12
1.187277341865395038e-12
1.143012337485744392e-12
1.096202218802714773e-12
1.052620402960288814e-12
1.006346703571935281e-12
9.714940931451307139e-13
9.450774457041620808e-13
9.235839953457805120e-13
9.009500472339838043e-13
8.908822632947307675e-13
8.948802586476892972e-13
8.980608739204846826e-13
9.054950342575816414e-13
9.256537673061719457e-13
9.364070111675080975e-13
8.935167951137892765e-13
8.668296969528282644e-13
8.405508202024323780e-13
8.088701206808360793e-13
7.771327190462180988e-13
7.678393859761397821e-13
7.595530217153599552e-13
7.474151392042020681e-13
7.303818608219747942e-13
7.168742552994280993e-13
6.944385301296361426e-13
6.775381874708295874e-13
6.600614697371894289e-13
6.440833998163929265e-13
6.288279074794246104e-13
6.007070212220131731e-13
5.741981810429831854e-13
5.470738416599467397e-13
5.183268725431804695e-13
4.898975379910684680e-13
4.731470425501256179e-13
4.604707170847813899e-13
4.544177206786387381e-13
4.514691596471535926e-13
4.434349662848924199e-13
4.365444648240107093e-13
4.272883590588120808e-13
4.071554434142394417e-13
3.844966846064834267e-13
3.601959673426206637e-13
3.446593816471689877e-13
3.349863032055773133e-13
3.226856458246067617e-13
3.085491414246179808e-13
2.871126475609577373e-13
2.645719291525865274e-13
2.509435697219004947e-13
2.356341961504869973e-13
2.130698368501244733e-13
1.893235723887630569e-13
1.744449686249536593e-13
1.863230796729674084e-13
1.959429406942992998e-13
2.039065157806592147e-13
2.048685876301566038e-13
2.035739573806829150e-13
1.970850285288506927e-13
1.900958859228353063e-13
1.831347465855950168e-13
1.804311921073898510e-13
1.787145592599593256e-13
1.629777719412294339e-13
1.470244430923723078e-13
1.356522807574433658e-13
1.235163080939981119e-13
1.102396048278099478e-13
1.071280374917399669e-13
1.055897960406838099e-13
1.039226967339319471e-13
1.069049167346694577e-13
1.095424388540285744e-13
1.073286592830967242e-13
1.031362743577048043e-13
1.018908519796231989e-13
9.982680905657730854e-14
9.639910740359668935e-14
9.210867042722110121e-14
8.692748443537317953e-14
7.798476973714379552e-14
6.870513998910971448e-14
6.096281374122591628e-14
5.420172190879369871e-14
4.904062723374281762e-14
4.532546522563663852e-14
4.364230750802015498e-14
4.344407544706488102e-14
4.305394025125991104e-14
4.173746320617878440e-14
3.992723122210946764e-14
3.907299709013793648e-14
3.865366521633260231e-14
3.838803193414972426e-14
3.816053252636286095e-14
3.776759666329673178e-14
3.750623626007733531e-14
3.695536278331921088e-14
3.646566333911530471e-14
3.565480305869398211e-14
3.465984611506569087e-14
3.365560465500620557e-14
3.256094647817895142e-14
3.109764760587054075e-14
3.112323517083846500e-14
3.129251182949930269e-14
3.124918414300056609e-14
3.118079054434200310e-14
3.112277630116803115e-14
3.030199518615256426e-14
2.931957301264882563e-14
2.834380338897394812e-14
2.737267453913305044e-14
2.644856439309832219e-14
2.530464977056153401e-14
2.398880559129927226e-14
2.266789482158011358e-14
2.152481380049511484e-14
2.046690644034482861e-14
1.981705402763893270e-14
1.943520895075077462e-14
1.915585819977234259e-14
1.901884241781352447e-14
1.901304660604702570e-14
1.856125732256072718e-14
1.755651395509320260e-14
1.669155403633791252e-14
1.628616538072194201e-14
1.579521620283008525e-14
1.516205366424801721e-14
1.433564331134509518e-14
1.353412451191549222e-14
1.260464841320695043e-14
1.179580238667817384e-14
1.104762498941507475e-14
1.058107744209205362e-14
9.942209922279867481e-15
9.545900273662552515e-15
9.183158751456452728e-15
8.765951664355026612e-15
8.219508656013920917e-15
7.720480940221418470e-15
7.228161111810353039e-15
6.668771853069713525e-15
6.137723959903941144e-15
5.824505171220807745e-15
5.582457551918508976e-15
5.326071896640408484e-15
5.079266240299429595e-15
4.913746727974053359e-15
4.824529245661528167e-15
4.703224592793757890e-15
4.540877831536951247e-15
4.311885058570674012e-15
3.997164149924167289e-15
3.816417991089742084e-15
3.725066958784049167e-15
3.658816169829130026e-15
3.582354897278989404e-15
3.490112073008616736e-15
3.415372087260276351e-15
3.339605919366037250e-15
3.256005276515470323e-15
3.171947499706324693e-15
3.086264911710284842e-15
2.994886340144358298e-15
2.908531157394316442e-15
2.829638185240514516e-15
2.744627915934523451e-15
2.646129848183977800e-15
2.553864011719090927e-15
2.468395322662706595e-15
2.400389516783924164e-15
2.336127388873191118e-15
2.277807483434244705e-15
2.211655014846960037e-15
2.133806162392915837e-15
2.054453949683238192e-15
1.961879350642907399e-15
1.877253992125175064e-15
1.790928992136654886e-15
1.741367944201133685e-15
1.683591976802085141e-15
1.633949909408364056e-15
1.586362438687987802e-15
1.538903101019930150e-15
1.524227512798671390e-15
1.512073453509975959e-15
1.498532879340906901e-15
1.482265428214429077e-15
1.466237355519556434e-15
1.463421375104600759e-15
1.463212529866764059e-15
1.462229858883076223e-15
1.461101377681366977e-15
1.463250357509894877e-15
1.465826904949351543e-15
1.468653914549931382e-15
1.470885924603119610e-15
1.471527213480908284e-15
1.472389278362703987e-15
1.464982664429480121e-15
1.451023782435578037e-15
1.436418737168103349e-15
1.420348590397957995e-15
1.403989238053033601e-15
nan
nan
nan
nan
nan
nan
nan
nan
nan
nan
nan
nan
nan
nan
nan
nan
nan
nan
nan
