3.246824607544880710e+05
3.012294627832033439e+05
2.773789644892052747e+05
2.608477732898177055e+05
2.531710054046566074e+05
2.449089621470046404e+05
2.432458624976182473e+05
2.424970551069450448e+05
2.411213186706037086e+05
2.381722671511746012e+05
2.348644077601938625e+05
2.316378407584441593e+05
2.282266970763277495e+05
2.245425775541751354e+05
2.209047712245072762e+05
2.167159774330149812e+05
2.132352329329428321e+05
2.099939430645636457e+05
2.062279250342395972e+05
2.030756087511373626e+05
1.993575989533401153e+05
1.957716540489501785e+05
1.924228213925785967e+05
1.887181592441137473e+05
1.857107800148821843e+05
1.824765101589245605e+05
1.791319216726718296e+05
1.760112097711272363e+05
1.725205157336404081e+05
1.695374763135109388e+05
1.662896437810859643e+05
1.627890842334738409e+05
1.597271435247609916e+05
1.562130004207587335e+05
1.531926055706512707e+05
1.501846529402023880e+05
1.468218406911152997e+05
1.438656761913955852e+05
1.403778745575131907e+05
1.371905893522835395e+05
1.342994813999105245e+05
1.309662743109933508e+05
1.282365358673159062e+05
1.250985944025982753e+05
1.220014843752740999e+05
1.191944841813002713e+05
1.159047213941315713e+05
1.132492295266606961e+05
1.102467403999726666e+05
1.070996198127983225e+05
1.044962541845097003e+05
1.014750362963596272e+05
9.882092944841743156e+04
9.600701014615123859e+04
9.289594160550080414e+04
9.062742596753187536e+04
8.783300303280401567e+04
8.529164218668021203e+04
8.283535944481163460e+04
7.989183193950098939e+04
7.759947108135093004e+04
7.488064266693135141e+04
7.236807963289934560e+04
7.026775609811299364e+04
6.759984295966362697e+04
6.562074779951441451e+04
6.321928067988132534e+04
6.077644246307768481e+04
5.892257462312011194e+04
5.648666864005420211e+04
5.472951692932234437e+04
5.286448328522357042e+04
5.072311054465064808e+04
4.948360750884057779e+04
4.787484144100840786e+04
4.680131460710934334e+04
4.603447042101960687e+04
4.532880618928412150e+04
4.519570657114162168e+04
4.526982684733200585e+04
4.590008664514656266e+04
4.690166702407042612e+04
4.925270310619331576e+04
5.128028764037782821e+04
5.467324207920000481e+04
5.927024479817334941e+04
6.342995185390871484e+04
7.116315626078429341e+04
7.680277375870513788e+04
8.369931528413707565e+04
9.361748945367582201e+04
1.005074073465320544e+05
1.116611813228994433e+05
1.202673059746061481e+05
1.283146200630585954e+05
1.392544164192236203e+05
1.457048798097298422e+05
1.543010387152654584e+05
1.617959697018657462e+05
1.681179554264757608e+05
1.763163920813365548e+05
1.809074692906649143e+05
1.866783192910685611e+05
1.921437505092586216e+05
1.964609231961047917e+05
2.015845859057845955e+05
2.053861341204313212e+05
2.097123176647447981e+05
2.143822384240676765e+05
2.176515422849206661e+05
2.215359689033177274e+05
2.247062605521662044e+05
2.279217848563717562e+05
2.314909965424916008e+05
2.343418315530482505e+05
2.376324766084156581e+05
2.402138207919454435e+05
2.426834464294581558e+05
2.453414276847361471e+05
2.472135003706282587e+05
2.491331778413992433e+05
2.511344905470527592e+05
2.532818459442885069e+05
2.558106720718346478e+05
2.572512773497443995e+05
2.591250149296433083e+05
2.608769553299203399e+05
2.622343044007847784e+05
2.639041962287222268e+05
2.653318919376680860e+05
2.668198778445938369e+05
2.681805502618373721e+05
2.694116213594006840e+05
2.708081716065618675e+05
2.718743620876821806e+05
2.727794755503091146e+05
2.737081001965131727e+05
2.744733257910668035e+05
2.752305687803303008e+05
2.758562158941968228e+05
2.762041819060188136e+05
2.765160244281684281e+05
2.769528904312623199e+05
2.773600188999053789e+05
2.775673752857399522e+05
2.777113864054918522e+05
2.778515884828728158e+05
2.779848784996618051e+05
2.781681643858149764e+05
2.783937107091561775e+05
2.786805152808460989e+05
2.788998280412221793e+05
2.792011753090968705e+05
2.795503004844276584e+05
2.796962944320866955e+05
2.795263838736444595e+05
2.792500020315397996e+05
2.791792477965644212e+05
2.791745274208508781e+05
2.790074404220719007e+05
2.794441162926909165e+05
2.798793884600320598e+05
2.799845813813821296e+05
2.798012973852445721e+05
2.796873213764165994e+05
2.798057668994350242e+05
2.798309550248437445e+05
2.797109111740282387e+05
2.796006411605189205e+05
2.792323756903549074e+05
2.788121096571718226e+05
2.783681992730156635e+05
2.779393512408079114e+05
2.773988622557799681e+05
2.769171569506003289e+05
2.765913067326646415e+05
2.763180928520366433e+05
2.759746022178662242e+05
2.755746813080369029e+05
2.752488786446872400e+05
2.749713002615367877e+05
2.747663367942405748e+05
2.747286540732079884e+05
2.744983441986052785e+05
2.744056043807326932e+05
2.742556621310514747e+05
2.739974132907330641e+05
2.736889623091113172e+05
2.733814713547080755e+05
2.731983629214013927e+05
2.729978021649792790e+05
2.727059929866377497e+05
2.724008315228573047e+05
2.719613421243835473e+05
2.714435144427631749e+05
2.711543050958573003e+05
2.707241310388268903e+05
2.703892333731210674e+05
2.701305915191438980e+05
2.698467155778753222e+05
2.696512331692968146e+05
2.692540923618199886e+05
2.689254326726061408e+05
2.685485238099250710e+05
2.680893754230652121e+05
2.676426004578786669e+05
2.671000265828429838e+05
2.665774540113989497e+05
2.659498081742142676e+05
2.653869251824336243e+05
2.648916945040213759e+05
2.646132315185266780e+05
2.642837600714005530e+05
2.637133257861158345e+05
2.627630156640410423e+05
2.618276099426671572e+05
2.613528015113575966e+05
2.610743279654285870e+05
2.607737025750903122e+05
2.601747969767147442e+05
2.595527664464318077e+05
2.591581359707045485e+05
2.588462933624083526e+05
2.584642296896533517e+05
2.578404980547784071e+05
2.570793616271500359e+05
2.566005384890446439e+05
2.564062312908149906e+05
2.560464600609402405e+05
2.555286678981107543e+05
2.548222292444318591e+05
2.539955663647635083e+05
2.530045393386349606e+05
2.521343588511917624e+05
2.513285659598378988e+05
2.505123236881351622e+05
2.497158949229763530e+05
2.490631890879072889e+05
2.482753140458585403e+05
2.476089728962245572e+05
2.470264576616044505e+05
2.463361235235999920e+05
2.454708411409675027e+05
2.446712722198962001e+05
2.436571698917507601e+05
2.425953618337353982e+05
2.418246338793138566e+05
2.412566198298723612e+05
2.405381282557501982e+05
2.396397329600008379e+05
2.384209678986865911e+05
2.372597062489828968e+05
2.369346607527046581e+05
2.366702911708695465e+05
2.362244501640250382e+05
2.351558052702661080e+05
2.339361768489748938e+05
2.330979450105850119e+05
2.324956246868716553e+05
2.317536303620319522e+05
2.307761694683315000e+05
2.299480008674323035e+05
2.290067052012215136e+05
2.276519689157428511e+05
2.263846237211965490e+05
2.256356571880920092e+05
2.249654824051950127e+05
2.239880762119102583e+05
2.228632747332919098e+05
2.217472639329451486e+05
2.206921698668466997e+05
2.198761080990972114e+05
2.189042098836925288e+05
2.176763153816695849e+05
2.165044719453917060e+05
2.153990796878924011e+05
2.142222965385004354e+05
2.130363276253032673e+05
2.118012911103454535e+05
2.107326836401975597e+05
2.095500404027294426e+05
2.083608901891582063e+05
2.074028165437653952e+05
2.064907994265784801e+05
2.055789290303508751e+05
2.047983521068098198e+05
2.040275773809562088e+05
2.032474604551744414e+05
2.018092499611769745e+05
2.004660657675674302e+05
1.992580694436224585e+05
1.982866445430102758e+05
1.973962880727729062e+05
1.966528041032262845e+05
1.956322281534152571e+05
1.947482367652292014e+05
1.937612833211855905e+05
1.923862450947067700e+05
1.911547374368460441e+05
1.900681995135699981e+05
1.890335453038167616e+05
1.876953506283361639e+05
1.867838641805044608e+05
1.856657427051451814e+05
1.843448950538075878e+05
1.831551395508860878e+05
1.820173059086266730e+05
1.810632045538253733e+05
1.800108778932166751e+05
1.788406551893098222e+05
1.780683649174503807e+05
1.768645675990651362e+05
1.756939551858729392e+05
1.744905228079741064e+05
1.725766717901757220e+05
1.706868386461507471e+05
1.692754404084386770e+05
1.680584131268346973e+05
1.664325942207269254e+05
1.651274776737897191e+05
1.640854794704611413e+05
1.626200613507258822e+05
1.611546800441647938e+05
1.603274536982550926e+05
1.583337984736353974e+05
1.569258283380164066e+05
1.559893560482125613e+05
1.550799738248542999e+05
1.543890373276620812e+05
1.530136697846394964e+05
1.521493888708767190e+05
1.515391593890042859e+05
1.511424328876854270e+05
1.510679154923791066e+05
1.500987438120240113e+05
1.489455856327822548e+05
1.484316618782126170e+05
1.462197671213420690e+05
1.439191598212810059e+05
1.420319804007456405e+05
1.408032593742037134e+05
1.400016161421393044e+05
1.386049486621463438e+05
1.373624616249350365e+05
1.354548198061829607e+05
1.333499059735795017e+05
1.318494694967717514e+05
1.306340653330011701e+05
1.299436139553807006e+05
1.290382141840740514e+05
1.278634575094398460e+05
1.271267409644619038e+05
1.261023911556108069e+05
1.255222920645241247e+05
1.243528551714931818e+05
1.226895432952012779e+05
1.216356302048501238e+05
1.208643211845128244e+05
1.196919537635795714e+05
1.188307496015161014e+05
1.179113555754134723e+05
1.172654284708682972e+05
1.164280931678002235e+05
1.151005622959617322e+05
1.137355861912397813e+05
1.117626052159326937e+05
1.100486745039055240e+05
1.094246427711125580e+05
1.101368023674396827e+05
1.107584260043900431e+05
1.087526956828219118e+05
1.070805758134340431e+05
1.049716665110345930e+05
1.017763809778708237e+05
1.001755567384229216e+05
9.821737613537051948e+04
9.633849222571302380e+04
9.528933542998174380e+04
9.394401639546341903e+04
9.324563761365205573e+04
9.295087258034528350e+04
9.329057974617445143e+04
9.361813368311063095e+04
9.105421460508709424e+04
8.990384815217251889e+04
8.892316112034584512e+04
8.749974012250987289e+04
8.681383569180310587e+04
8.470969619283970678e+04
8.214459523025574163e+04
8.081349420602670580e+04
7.985119961650388723e+04
7.919874339637083176e+04
7.892925553327886155e+04
7.911198745029768907e+04
7.861097415440759505e+04
7.827904429909575265e+04
7.861585649432950595e+04
7.772355444753759366e+04
7.700919768013637804e+04
7.724530317200715945e+04
7.768441993712238036e+04
7.869523321016765840e+04
7.926054175224580104e+04
7.919674262626892596e+04
7.786840463665757852e+04
7.901558263632845774e+04
7.951769931440250366e+04
7.965483188530417101e+04
7.942502644689909357e+04
7.902300001617660746e+04
7.846517502121443977e+04
7.799264486425908399e+04
7.726882371273409808e+04
7.632756218311634439e+04
7.523890744851097406e+04
7.587002344178939529e+04
7.844914110797432659e+04
7.775722789827534871e+04
7.648955613525270019e+04
7.667411770620744210e+04
7.637158379352377960e+04
7.583491772935591871e+04
7.653906001058439142e+04
7.551742698967935576e+04
7.585141395359508169e+04
7.652802145667921286e+04
7.719346703265984252e+04
7.886058746581994637e+04
7.537973189337139775e+04
7.373702384340674325e+04
7.419473247087108030e+04
7.487579564796872728e+04
7.669991645247206907e+04
7.632173072510948987e+04
7.584089392893435434e+04
7.638348993347997020e+04
7.576086822377711360e+04
7.553753519454802154e+04
7.570528534708255029e+04
7.589187695166927006e+04
7.636143801270902622e+04
7.414720331770720077e+04
7.274470462911635695e+04
7.182787386934399547e+04
7.169897635788652406e+04
7.071690714318440587e+04
7.066658160098659573e+04
7.211854503394085623e+04
7.215684122600553383e+04
6.905177583528491959e+04
6.818826083389196720e+04
6.610252146022756642e+04
6.506746432912070304e+04
6.372952383823677519e+04
6.342659156915260246e+04
6.294157566321637569e+04
6.283271233497237699e+04
6.358468363936482638e+04
6.546563612634543824e+04
6.414101644030827447e+04
6.324465128890992492e+04
6.182846093809508602e+04
5.929323912086122436e+04
5.728115677872666129e+04
5.510025359162138193e+04
5.465172703680311679e+04
5.546457241293496918e+04
5.582469075451981189e+04
5.751794111331473687e+04
5.800137667334944854e+04
5.903391074358853803e+04
5.944946420936063805e+04
5.853735324415811192e+04
5.896261807286753901e+04
5.959130402932831203e+04
5.875203606255914929e+04
5.900693262400418462e+04
5.827586127864202717e+04
5.849651705162587314e+04
5.933100260144699860e+04
5.957791727715132583e+04
6.029827634370991291e+04
5.982565126688189048e+04
6.036184220755410206e+04
6.070848711947551055e+04
6.111704318755212444e+04
6.275564898888468451e+04
6.051733708130344894e+04
5.894609661048848648e+04
5.840914499704543414e+04
5.803056287964984949e+04
5.835987667335227161e+04
5.746526157092171343e+04
5.711336064620616526e+04
5.731347927068224089e+04
5.655886809260745940e+04
5.621462685413169675e+04
5.630976998173003813e+04
5.723918017891672207e+04
5.721218928229368612e+04
5.808143027997003810e+04
5.767765878692052502e+04
5.624519435585534666e+04
5.515090477037429810e+04
5.566164202831852162e+04
5.629978990710992366e+04
5.778755429346178425e+04
5.686785540026320086e+04
5.458134960214618332e+04
5.316111158275442722e+04
5.246181979745330318e+04
5.386314620563368226e+04
5.316527115981390671e+04
5.091750517208777455e+04
5.022540220490456704e+04
4.845417511719423055e+04
4.743992564100849268e+04
4.808226447387524240e+04
4.911763846963001561e+04
5.397895627452016197e+04
5.731880176159736584e+04
5.444089825282066886e+04
5.178472552371458005e+04
5.065563299443814321e+04
5.093065421735200653e+04
5.089146368712029653e+04
5.035171236365105142e+04
5.005960767082485108e+04
4.375066483573478035e+04
4.340250519284844631e+04
4.334790801249504148e+04
4.347527672439625894e+04
4.830850846385879413e+04
4.576207378304678423e+04
4.223772947044252214e+04
4.356391103916567226e+04
4.645969254311572149e+04
4.825959602769459889e+04
4.837997952701243776e+04
4.465580696887610975e+04
4.273715738360262912e+04
4.137498187978045462e+04
4.027151272091798455e+04
3.935271627349829942e+04
3.933400274287065986e+04
4.065393592701378657e+04
3.988691723902600643e+04
3.924781064072704612e+04
3.899791440863647586e+04
3.893903537199406128e+04
3.946484294112331554e+04
3.953082922333876195e+04
3.962024586105141498e+04
3.956682178270436998e+04
4.026330094685741642e+04
4.005239429267542437e+04
3.956812843942358450e+04
3.945882323027948587e+04
3.903422927818942117e+04
3.914341789224926470e+04
3.804036137338270782e+04
3.685103533584928664e+04
3.593957135975926212e+04
3.554754592907075130e+04
3.539977924697247363e+04
3.502703059732196562e+04
3.478229217682802846e+04
3.493140167332495912e+04
3.517857908342897281e+04
3.630563355298183160e+04
3.570968803632978961e+04
3.380606486510236573e+04
3.217224284736080153e+04
3.111227959600173199e+04
3.038096675928763580e+04
3.014002023917614497e+04
3.001843680509508704e+04
2.982204685825569322e+04
2.961435663213373118e+04
2.942453364840591166e+04
2.927632941410578132e+04
2.911449342534388052e+04
2.920259355562846758e+04
2.968261483041340034e+04
3.031370983273107413e+04
3.059217043992162507e+04
2.938926835339150784e+04
2.832875396407721928e+04
2.742658936697124591e+04
2.784240584280699841e+04
2.830615911360582322e+04
2.689007160084943462e+04
2.577108678880750085e+04
2.540373035581290242e+04
2.504733273616596125e+04
2.510075205576478766e+04
2.525253798264516081e+04
2.549173538071047369e+04
2.603993436990647751e+04
2.679824849486923631e+04
2.772580156916462511e+04
2.775736186809748324e+04
2.759978806847384112e+04
2.723241254275781102e+04
2.694552912242146340e+04
2.663367423547783983e+04
2.626989983622701402e+04
2.641037209627356424e+04
2.682968796642647794e+04
2.633749708138876304e+04
2.558922303032671698e+04
2.498441418916170369e+04
2.432719184093076910e+04
2.366818618617047468e+04
2.304180635316479675e+04
2.244994809646712747e+04
2.198513097463835584e+04
2.185814525780234180e+04
2.158095937862450228e+04
2.085104653975926340e+04
2.001129718394649171e+04
1.943398566501616733e+04
1.940346685074968264e+04
1.944342382061423268e+04
1.919504682138363205e+04
1.919957323521994113e+04
1.914264805231852733e+04
1.864804876146541210e+04
1.814722737856274034e+04
1.767188734349466540e+04
1.727251256766222286e+04
1.707587824761295997e+04
1.765959692375989471e+04
1.838215365444456620e+04
1.932558128201629006e+04
1.902575127052551397e+04
1.862095551187212186e+04
1.799244134908691922e+04
1.743434357819717479e+04
1.631715017308213100e+04
1.519517541675717257e+04
1.432077370418009014e+04
1.409605989604092429e+04
1.413029433808724025e+04
1.454310562721502902e+04
1.527024708991286570e+04
1.612787635322168171e+04
1.598863035291623055e+04
1.524903835017685378e+04
1.438856670012919130e+04
1.359516895878407922e+04
1.302997430563130547e+04
1.295289880891640860e+04
1.318305031971811513e+04
1.362929856909301634e+04
1.399327715506382265e+04
1.401692073633631662e+04
1.362910609100183683e+04
1.289170704436642882e+04
1.216800148853076826e+04
1.153546605375368745e+04
1.113414684851448328e+04
1.089490468174640046e+04
1.069275594468059717e+04
1.048938657554727797e+04
1.025861035733929748e+04
1.001835647358137066e+04
9.882310648004691757e+03
9.939754496251223827e+03
1.008628993664755217e+04
1.037162306037985400e+04
1.047617813553419910e+04
1.086210200313620953e+04
1.055944385777541174e+04
1.031060902959802297e+04
1.011461939358248674e+04
9.868322509222070948e+03
9.666157220616903942e+03
9.574170810964662451e+03
9.503652001916238078e+03
9.419448086182193947e+03
9.340380428531039797e+03
9.310637669295590968e+03
9.075126180206882054e+03
8.863165391237143922e+03
8.714927294451437774e+03
8.879020814151779632e+03
9.102779065697197439e+03
8.916350969691156934e+03
8.459428157474179898e+03
8.070832481656554592e+03
7.865475279480068821e+03
7.733935041479885513e+03
7.778100728653361330e+03
7.993713048061893460e+03
8.265139919322831702e+03
8.656262173544235338e+03
9.167941297003189902e+03
9.178336298686339433e+03
8.294159647939573915e+03
7.554598622522993537e+03
7.029434741032140664e+03
6.654761244981697928e+03
6.410348655563643661e+03
6.381448789195476820e+03
6.366280653069568871e+03
6.363412061273973450e+03
6.382666898444626895e+03
6.390663226497385949e+03
6.317576259355209913e+03
6.329789651454918385e+03
6.381765418304250488e+03
6.497743258268675163e+03
6.695322887101397100e+03
6.356578819142467182e+03
6.075686390177305839e+03
5.785487468927426562e+03
5.521624843198044800e+03
5.342491684519091905e+03
5.248255120571639964e+03
5.190346720269173602e+03
5.176836860168300518e+03
5.148874193197214481e+03
5.140866658976985491e+03
4.997992807279490080e+03
4.934388730216860495e+03
4.872186256616649189e+03
4.818571076766322221e+03
4.818961617425995428e+03
4.587119422106085949e+03
4.299988855680666347e+03
4.112122526277153156e+03
3.917105125708592368e+03
3.793417371563774850e+03
3.630254154271696279e+03
3.452350328553677627e+03
3.301740908497458804e+03
3.180724632975992790e+03
3.101609920789759599e+03
3.004147993020825652e+03
2.683783995109853095e+03
2.490796014195361749e+03
2.345076197070689886e+03
2.231714940490330264e+03
2.083715182065919180e+03
1.908875876983719081e+03
1.779950015859928044e+03
1.665680968156221979e+03
1.559431847093519309e+03
1.442610713336411436e+03
1.367273532284392104e+03
1.292267146435587392e+03
1.202218704358818286e+03
1.114997094395218483e+03
1.081913988148447515e+03
9.733477059908564115e+02
8.999582645666785083e+02
8.399426584425908686e+02
7.707339871321361215e+02
7.035611023002564934e+02
6.261007513304665508e+02
5.656764040548198409e+02
5.272694807750111750e+02
4.939940891680357140e+02
4.707945274907166890e+02
4.336249076239528222e+02
3.907673710958011384e+02
3.524673597292186287e+02
3.245075142466454849e+02
3.015741095823601086e+02
2.941992626366528043e+02
2.984289636658133986e+02
3.035819774285272956e+02
3.103238522532312231e+02
3.210958464156135506e+02
3.282981374515562720e+02
3.235971193433104531e+02
3.153889563382875281e+02
3.015668891898267816e+02
2.863344881043143459e+02
2.738279841141141446e+02
2.611936231642517328e+02
2.487181672297568866e+02
2.376131628900122621e+02
2.265076461538167507e+02
2.159860006968412733e+02
2.182576937661115721e+02
2.183371429658118643e+02
2.180553696686208127e+02
2.165698134442682488e+02
2.178750036804999866e+02
2.141058005292190387e+02
2.115110406458017849e+02
2.118109223095408424e+02
2.132773546802546605e+02
2.138499477776777269e+02
2.172510173333775469e+02
2.233646738190743122e+02
2.247381034831460340e+02
2.260390134421568291e+02
2.280736313388321150e+02
2.314461160385725691e+02
2.356774867784048695e+02
2.414158090998969612e+02
2.502022177455372116e+02
2.633949333103198001e+02
2.734410221641987278e+02
2.833746222722271000e+02
2.933143217957120328e+02
3.038693553834184513e+02
3.206182928142637252e+02
3.263000669193427825e+02
3.198980020922758172e+02
3.214920825992511482e+02
3.269904985854696520e+02
3.343544800963715034e+02
3.468745039892854152e+02
3.652869411084114404e+02
3.917135235814735665e+02
4.396591851634718182e+02
5.415703887376932926e+02
6.763849363819449536e+02
6.847667254398866135e+02
6.957578480680390385e+02
7.112576370778101591e+02
7.449301029707783073e+02
7.849626184947773027e+02
7.478275990635328299e+02
7.438641870395045999e+02
7.542793382331390148e+02
7.750764305351491430e+02
7.933087348570574022e+02
7.277849633164368015e+02
6.695542758621663779e+02
6.335256129112240160e+02
5.982298587843441737e+02
5.848135019801480894e+02
6.126423759499296011e+02
6.511594658474119797e+02
6.805082195656860904e+02
7.177930471391207448e+02
7.541835246587843358e+02
7.236058413185212430e+02
6.970522149503507308e+02
6.793539278143799720e+02
6.594126392400240775e+02
6.541034109821487164e+02
6.696368521233406454e+02
6.894199091299589099e+02
7.002794352058933782e+02
7.089131300541157543e+02
7.102932571033471731e+02
7.205423781364389697e+02
7.477356971648869148e+02
8.089606453079792345e+02
9.001662217134121420e+02
1.020565197070344084e+03
1.126299053615155344e+03
1.140581099774275572e+03
1.144994507881014215e+03
1.127372038234004776e+03
1.090880433986311573e+03
1.063755763801452758e+03
1.067930326901277567e+03
1.095936105775615033e+03
1.107915691902974459e+03
1.109288997081905336e+03
1.100029893215413949e+03
1.083558644185510730e+03
1.076104215368563246e+03
1.065202179106516496e+03
1.066249216056406794e+03
1.066139690932201347e+03
1.074233337636096394e+03
1.092407094968926458e+03
1.114744128329070463e+03
1.145503831855884528e+03
1.196054725513865606e+03
1.172856737402662020e+03
1.150761934221348838e+03
1.144920666319838119e+03
1.144454038113929528e+03
1.148098943587382337e+03
1.163937483390374155e+03
1.186039474053907043e+03
1.213610490889137282e+03
1.249641670771921554e+03
1.292474156167696037e+03
1.347677647926054760e+03
1.425654760614729184e+03
1.530101588348014957e+03
1.660299462830318816e+03
1.848873130786618276e+03
1.963583085121437080e+03
1.945140057029936315e+03
1.915714246370475848e+03
1.852864659438628451e+03
1.778230890796293352e+03
1.769811087100443274e+03
1.855386988739887784e+03
1.943869494998384653e+03
1.992856059934114910e+03
2.049576298772496102e+03
2.104763708050876630e+03
2.179283302202967661e+03
2.266889989097155649e+03
2.385856997125762973e+03
2.534426723919188134e+03
2.686965542890343841e+03
2.713987486190667369e+03
2.786034498397680636e+03
2.821859467918086921e+03
2.864936540901276203e+03
2.935447640488902380e+03
3.038012828694213113e+03
3.146569174797243249e+03
3.269127447362881867e+03
3.427037725621418303e+03
3.614123027602938237e+03
3.718169074389791604e+03
3.806613289236191576e+03
3.896753990038046140e+03
3.998814924703077395e+03
4.081985131989070396e+03
4.139703241938814244e+03
4.213393381375440185e+03
4.316160451524136988e+03
4.469284711278540271e+03
4.696652098269611088e+03
4.830402090286025668e+03
4.894693164322759912e+03
4.957814499640349823e+03
5.044105616588609337e+03
5.156111498179267073e+03
5.258149558339431678e+03
5.357535592573482973e+03
5.475616479581726708e+03
5.608508911452763641e+03
5.757557899521355466e+03
5.891798087613969983e+03
5.993782333736920009e+03
6.105934326600665372e+03
6.231715606620715334e+03
6.385778449702809667e+03
6.519965738503344255e+03
6.598619841733835528e+03
6.681134930747489307e+03
6.773307691587389854e+03
6.859500112093844109e+03
6.956555260087315219e+03
7.043203375551479439e+03
7.153087051443470045e+03
7.286585738006184329e+03
7.397962962881132626e+03
7.527991106330364346e+03
7.575352165818017056e+03
7.663732077863759514e+03
7.734650065956042454e+03
7.814576813343431240e+03
7.911478085257770545e+03
7.873516114619893415e+03
7.830809257914633235e+03
7.802400984031604821e+03
7.800443115132229650e+03
7.809867758908068936e+03
7.745260708052735936e+03
7.667432597032371632e+03
7.595322846202810979e+03
7.524979441787756514e+03
7.431876773485154445e+03
7.329075836908387828e+03
7.220450585097961266e+03
7.117247126071210914e+03
7.022310504245725497e+03
6.925479062733426872e+03
6.855677409064051972e+03
6.809218051586210095e+03
6.768347561446672444e+03
6.737167729622085062e+03
6.710230076269385791e+03
nan
nan
nan
nan
nan
nan
nan
nan
nan
nan
nan
nan
nan
nan
nan
nan
nan
nan
nan
