1.696073545739710653e+02
-5.465518774180364971e+02
-1.292510821142820532e+03
-1.664400769674221465e+03
-1.487125726110866026e+03
-1.296504724020769117e+03
-1.279564280943074891e+03
-1.200197375647010858e+03
-1.074132071724218576e+03
-9.493827860112994586e+02
-8.277620959126896878e+02
-7.936021600345144407e+02
-7.821852656397201145e+02
-7.814807043343668056e+02
-7.190660308366373101e+02
-6.366920968000331413e+02
-4.537777521908657832e+02
-2.586406529920213302e+02
-2.046132535240196546e+02
-2.685127386546294019e+02
-4.020386208795247853e+02
-5.165509910134290976e+02
-5.638768279050402725e+02
-5.327902924003478802e+02
-5.138175878908566574e+02
-4.870711713968574941e+02
-4.305680436529144117e+02
-3.878735659299301233e+02
-3.703237314786179581e+02
-3.290830494558782107e+02
-2.995081401274998711e+02
-3.541993182936424205e+02
-3.736424319413226272e+02
-4.181578210375502067e+02
-3.576077721084037080e+02
-2.940346635464980523e+02
-2.361947807805253490e+02
-1.956968863850519256e+02
-1.561911557037092280e+02
-1.470099605719221927e+02
-1.756881550389222753e+02
-2.646083487720572407e+02
-2.529983650707617926e+02
-2.408210093446477060e+02
-2.181155930782992129e+02
-1.912405213448948871e+02
-1.835889128052880608e+02
-1.643636913484526474e+02
-1.748822205595678838e+02
-1.738320131418535368e+02
-1.702841565211782040e+02
-1.832209614888491274e+02
-1.761113075062507676e+02
-1.611087532160942146e+02
-1.573804960334040004e+02
-1.391848905651216910e+02
-1.215461224862076364e+02
-1.119180157102205015e+02
-1.066379307552804079e+02
-9.744209032707158258e+01
-1.003048440444457015e+02
-8.933992703211258402e+01
-7.488117159919451638e+01
-6.535738962848813571e+01
-5.800427560873554000e+01
-5.004064654723593719e+01
-4.463354530721851887e+01
-4.065203193024342454e+01
-3.365322162215466761e+01
-2.781360398184836313e+01
-2.421207278550513919e+01
-2.111068425933024173e+01
-1.733608251921722498e+01
-1.497817972371794504e+01
-1.250984778237264727e+01
-1.000654925521924099e+01
-7.441208618560092525e+00
-5.309499302333607673e+00
-3.707149505804206768e+00
-2.536910750721528274e+00
-1.956498225921019740e+00
-1.642237513583284292e+00
-1.291502218921742440e+00
-1.126433124259087926e+00
-8.377517634595651463e-01
-5.816611471937147559e-01
-3.782120189370072882e-01
-2.897619784282211564e-01
-2.180503794889862013e-01
-1.321158129164345663e-01
-9.369183600896689723e-02
-1.503678686771181827e-01
-1.734708091640657368e-01
-1.308355731813881651e-01
-5.566772782053285712e-02
1.150932860397248757e-02
3.560952187766130289e-02
7.331907640166564211e-02
1.023604590904293177e-01
1.327154698680423905e-01
1.686956081871562874e-01
1.791056805117784978e-01
1.937725941254906936e-01
2.003603704713196321e-01
1.957756148418799969e-01
2.009774673788076726e-01
2.050947002698088051e-01
2.124098585983957288e-01
2.153325358127423650e-01
2.133382971385990312e-01
2.079126695159882743e-01
2.045466017636844158e-01
1.965193423182923504e-01
1.859633296326810015e-01
1.795345923493645302e-01
1.731443321007549163e-01
1.679144309893715603e-01
1.626367062412040765e-01
1.577125538437300356e-01
1.573380410681448627e-01
1.573667887962913459e-01
1.587223808547763015e-01
1.621768864060816606e-01
1.643111328921836312e-01
1.659375831244626620e-01
1.664382931169926250e-01
1.683237649518982137e-01
1.691606415887484116e-01
1.664919892258889256e-01
1.645032492323721951e-01
1.629385588702297605e-01
1.617962059176542844e-01
1.622408270152757015e-01
1.616469844719092275e-01
1.580039310611867642e-01
1.514232836211373834e-01
1.445021980643479975e-01
1.400089522436798184e-01
1.349539140963424977e-01
1.328647826309670987e-01
1.321990190578530011e-01
1.312130668663210875e-01
1.330740879466498217e-01
1.342321410522284153e-01
1.357577367949543701e-01
1.382634179089248516e-01
1.385946498797357429e-01
1.372250719433915078e-01
1.383293276595832233e-01
1.408446221946647314e-01
1.440027774830058560e-01
1.476764035363171690e-01
1.507280426307593402e-01
1.536954406049521882e-01
1.566755469991653327e-01
1.595209447435664840e-01
1.623906851186819045e-01
1.642184998172072363e-01
1.651722719049506793e-01
1.662276205228086501e-01
1.652456699233222914e-01
1.649027348784510572e-01
1.645287661561119774e-01
1.636133272865910593e-01
1.623536236248280806e-01
1.610901223173533403e-01
1.599286811128288466e-01
1.582959704233355969e-01
1.555046457763233358e-01
1.518729351481733214e-01
1.487453589624080919e-01
1.446189165400105503e-01
1.408805266056719629e-01
1.393065203241515837e-01
1.373573439126257456e-01
1.369530229293670076e-01
1.370883305108160088e-01
1.375712428297336809e-01
1.383537021323772431e-01
1.396975154760511928e-01
1.398412284234428204e-01
1.389212204778944026e-01
1.378288456344166635e-01
1.388060909040331470e-01
1.403531245331509081e-01
1.415196648917947386e-01
1.417603405070391176e-01
1.417009685742406655e-01
1.425518189629244037e-01
1.435727022520632279e-01
1.448517966637083987e-01
1.457116923121367091e-01
1.457654734128438212e-01
1.466402781689025714e-01
1.491165901121061510e-01
1.517655780070845950e-01
1.539013333691834629e-01
1.556124281989035019e-01
1.558488661471703340e-01
1.548709967865599668e-01
1.540940945703954124e-01
1.554976294325279562e-01
1.559267599631619650e-01
1.545702642821196737e-01
1.516515175281646644e-01
1.483842258536017533e-01
1.466426354057807635e-01
1.451828600334779673e-01
1.439760533326867042e-01
1.431641249419729756e-01
1.422551227481877456e-01
1.416177096088850618e-01
1.409047800264296157e-01
1.400414111455201283e-01
1.404440701651423207e-01
1.406427820700879017e-01
1.412614015745805585e-01
1.418309450688274576e-01
1.424489468554127614e-01
1.435282968242302670e-01
1.442829117484067947e-01
1.447470926978415007e-01
1.452367925600386023e-01
1.455374787860437003e-01
1.463145575094507711e-01
1.472914485027479459e-01
1.477444751388239663e-01
1.473603869397717703e-01
1.469622590133113638e-01
1.466668174791652679e-01
1.468698896334406367e-01
1.466776652501258771e-01
1.463071325122504984e-01
1.455486021124303142e-01
1.452100501242359065e-01
1.447241219162737069e-01
1.443547186460870935e-01
1.442974612026970693e-01
1.442046031871888623e-01
1.442439108183971308e-01
1.442920023438181432e-01
1.443378800766702275e-01
1.457470033497705597e-01
1.477967371650717454e-01
1.482853278684517218e-01
1.473329577231986265e-01
1.471707191071411069e-01
1.472925197331084735e-01
1.475389499849634745e-01
1.478770229022279004e-01
1.482751539667340190e-01
1.485420693450718588e-01
1.478533721238970700e-01
1.468231936961743866e-01
1.461490814370811075e-01
1.463504176739652551e-01
1.465795726018070400e-01
1.467032429052588793e-01
1.469649149138481659e-01
1.471930705612193580e-01
1.468773539138620021e-01
1.464903975380764112e-01
1.464143599975482879e-01
1.466294829710472203e-01
1.464454336563352777e-01
1.463611927824421122e-01
1.460128628665958994e-01
1.459701145377567955e-01
1.458719950883128336e-01
1.458031158065389299e-01
1.455154194929831890e-01
1.453934186420066110e-01
1.453546461543155643e-01
1.454495328989997838e-01
1.455399332547163693e-01
1.459521547477112269e-01
1.465595100864879319e-01
1.469877602890000134e-01
1.470881186980096955e-01
1.471256838427986713e-01
1.474106774780941376e-01
1.477983500783666138e-01
1.481320204813074137e-01
1.481570634285905019e-01
1.484192638825712063e-01
1.480494652159855817e-01
1.471294591629087323e-01
1.460802367865053908e-01
1.453387264017099167e-01
1.445258626586171935e-01
1.442271952476334995e-01
1.447504054071192259e-01
1.449727209938525829e-01
1.454172613727171270e-01
1.458861188922376817e-01
1.463663535447655983e-01
1.461765925733375937e-01
1.460874782189627297e-01
1.461703049609826555e-01
1.458028006434795854e-01
1.454523944314764228e-01
1.464726615003011378e-01
1.472451283697089885e-01
1.476353571624275940e-01
1.472235462883392521e-01
1.463709948543217010e-01
1.459509670771809431e-01
1.459372606917032356e-01
1.458604448040640988e-01
1.468155389041841952e-01
1.488116834631945107e-01
1.481272319423536377e-01
1.476444192164309832e-01
1.471674922862137302e-01
1.464167677118519417e-01
1.462487069630276915e-01
1.464803774404511427e-01
1.462719039843219104e-01
1.456471058992824252e-01
1.460264162313246461e-01
1.478714727565106635e-01
1.467255758783858888e-01
1.441719799713115091e-01
1.449014842885396892e-01
1.447944737636538415e-01
1.424302190488559439e-01
1.400567695021751047e-01
1.407816983839673131e-01
1.426806532416917961e-01
1.416405831539040705e-01
1.399242495199684577e-01
1.393964531254217321e-01
1.420855208104406520e-01
1.436788755999045264e-01
1.426204113101148530e-01
1.400917316368883447e-01
1.384087396847880069e-01
1.372979282262016543e-01
1.361186954630731194e-01
1.357664584295367738e-01
1.368730164872308808e-01
1.384920956338698828e-01
1.401612415099178777e-01
1.409785350766198930e-01
1.394324188971301226e-01
1.367200006823952596e-01
1.351521115046457888e-01
1.365006945261446614e-01
1.390121944285529765e-01
1.415071143318129832e-01
1.425993441961377339e-01
1.429188398058746368e-01
1.407754295347749818e-01
1.397906795933630819e-01
1.413527203124091969e-01
1.405655904118222888e-01
1.432197898018833515e-01
1.470232031575859355e-01
1.485297526272333912e-01
1.492486617019128103e-01
1.484758268972189987e-01
1.487126217247565219e-01
1.484415516539229762e-01
1.478661603766444621e-01
1.488742612215729622e-01
1.466347856425116725e-01
1.453022571434751387e-01
1.454081418968615480e-01
1.468804043059998843e-01
1.493084584083760324e-01
1.482199711842552003e-01
1.491516674206747051e-01
1.499261441517221460e-01
1.507479254118479495e-01
1.518079537112545507e-01
1.517843435800478036e-01
1.516015109523172200e-01
1.511398397822132367e-01
1.470228071194197850e-01
1.422865492564588941e-01
1.418900763394983777e-01
1.435028915043679021e-01
1.438855730761393059e-01
1.424650162801865128e-01
1.436126790998723812e-01
1.458019761403790415e-01
1.460256375914393834e-01
1.444883686923489063e-01
1.470195464687547027e-01
1.435555976730646943e-01
1.388275304798403387e-01
1.345972034331081035e-01
1.314469008971519137e-01
1.310569329897697255e-01
1.316300665192085273e-01
1.302841579218372015e-01
1.271899207955747013e-01
1.248293164374984915e-01
1.216395251557211565e-01
1.194356817084841760e-01
1.195445412107300626e-01
1.200685024171914556e-01
1.206638229897326470e-01
1.228609417377956453e-01
1.252180303435564690e-01
1.263164865503660361e-01
1.307258951284791249e-01
1.331271847527268071e-01
1.330460406230682957e-01
1.310782002785624567e-01
1.240818370510565066e-01
1.262456000607712348e-01
1.282533848173295910e-01
1.293170412920992551e-01
1.308927067331585037e-01
1.287620467999350815e-01
1.304964781674001761e-01
1.322934138117659586e-01
1.311179017431989835e-01
1.310911175297782838e-01
1.303139021468519010e-01
1.302796761207473397e-01
1.304981659054715304e-01
1.300964976256651084e-01
1.309934602961712602e-01
1.308027935554800791e-01
1.308534225572292320e-01
1.334635862095255032e-01
1.363201148044840827e-01
1.354649079011070179e-01
1.333932272476397451e-01
1.333061827857819348e-01
1.327891724029497955e-01
1.311595419477413205e-01
1.307248858947591685e-01
1.310174595333074843e-01
1.311301408286316139e-01
1.309006099251182886e-01
1.296490614912659822e-01
1.290851412822583699e-01
1.288285245537963419e-01
1.271348724537136321e-01
1.278051999426524088e-01
1.287128397814506775e-01
1.294450422495667663e-01
1.309135109692900756e-01
1.323562335079892793e-01
1.341887815691305275e-01
1.312721229518576394e-01
1.286206794802743913e-01
1.262683317484295242e-01
1.242504651505395019e-01
1.236128431217108081e-01
1.230119495454847778e-01
1.219611611264802553e-01
1.222086268891830474e-01
1.241882562257123901e-01
1.272251691849597688e-01
1.279648801947679271e-01
1.291441299718867897e-01
1.280859847408379881e-01
1.279259328232682513e-01
1.262309639515408477e-01
1.247604912844453851e-01
1.222183531651722804e-01
1.248109063654605916e-01
1.235481745470145415e-01
1.228267604425531956e-01
1.219139533728845481e-01
1.225817887079820312e-01
1.218081493553405115e-01
1.198080442363711196e-01
1.190820636126228987e-01
1.215919385952212023e-01
1.256425633233835271e-01
1.259268575866156203e-01
1.224104543432563558e-01
1.191086061320902612e-01
1.232635733665202737e-01
1.280150083466246314e-01
1.297190772753603893e-01
1.272011843404285136e-01
1.239655950783201399e-01
1.257047500560233566e-01
1.277147260104201376e-01
1.292552379793208972e-01
1.303197319362835171e-01
1.299822222888351309e-01
1.293974702703101221e-01
1.269461217067853198e-01
1.250995138526966588e-01
1.265882074538533519e-01
1.278876070722949898e-01
1.306489915934435642e-01
1.333874406297366200e-01
1.345446427719234617e-01
1.343245237254002966e-01
1.332427848474555254e-01
1.303826636793299076e-01
1.265216844287963549e-01
1.258468426850553601e-01
1.274289116166465174e-01
1.304456919897905298e-01
1.318592792614591003e-01
1.330693055052588336e-01
1.346672220342368942e-01
1.331904255248630153e-01
1.329031043700555359e-01
1.324487938692018307e-01
1.303671275788620132e-01
1.322398366116663004e-01
1.362654310678665659e-01
1.373337333042370101e-01
1.364923149627943200e-01
1.360967630085751223e-01
1.332174308744419888e-01
1.316478586217489921e-01
1.335028770118120434e-01
1.341549328491171977e-01
1.333121873227004206e-01
1.325430367668207488e-01
1.325493439546081287e-01
1.352283684412982634e-01
1.384581852016488202e-01
1.377313295151228190e-01
1.346820746394374602e-01
1.343571790260151833e-01
1.358137403746178806e-01
1.334254188551813325e-01
1.356987298121204166e-01
1.359702332965667670e-01
1.354480463967953352e-01
1.333448610342355678e-01
1.329368065884933003e-01
1.336293496302789208e-01
1.341115929637311244e-01
1.345925369540760808e-01
1.350108666446837025e-01
1.339854417315050339e-01
1.330013760969328829e-01
1.321995432649824553e-01
1.324939570074621931e-01
1.317104776132051180e-01
1.316777293964152273e-01
1.313296257171438775e-01
1.310450294244841218e-01
1.318492943644272719e-01
1.316598363630113178e-01
1.294813251612156879e-01
1.281908205921065413e-01
1.291001589110728209e-01
1.313092409629015300e-01
1.314594191313367688e-01
1.308303868303853645e-01
1.307945464551365511e-01
1.302775065694933010e-01
1.305034976337175467e-01
1.299276092615182232e-01
1.287309487252714379e-01
1.265835784108391704e-01
1.243359696671022113e-01
1.223259224483532609e-01
1.206366516354197421e-01
1.189057630841668239e-01
1.186160323865826233e-01
1.197565655381726268e-01
1.201852408648523968e-01
1.201497187141094547e-01
1.210494062207177479e-01
1.226080777861040666e-01
1.230857938450427846e-01
1.231029282628895855e-01
1.239245430964358435e-01
1.245735303819874157e-01
1.238098466930409314e-01
1.223160270471693317e-01
1.214093293515668553e-01
1.206899212880540861e-01
1.205142845664620155e-01
1.202458030494390206e-01
1.199861282359997866e-01
1.198655691130901813e-01
1.196563484515804215e-01
1.196726758853976225e-01
1.198717329549187777e-01
1.214331571753717864e-01
1.231627838877353692e-01
1.240121563068908583e-01
1.252637473364801857e-01
1.266003499661725318e-01
1.275907491973187202e-01
1.290043778797028695e-01
1.287054745333026384e-01
1.279871424148829318e-01
1.288749546668397361e-01
1.295773633327957364e-01
1.303742642195943324e-01
1.292656333304968985e-01
1.282955213256793958e-01
1.264443172089138034e-01
1.253174532176909717e-01
1.243179352605291305e-01
1.253153656265286742e-01
1.268879297664653183e-01
1.283344846176832088e-01
1.297158435196165971e-01
1.310380895031038329e-01
1.320813568765444868e-01
1.326130896105578993e-01
1.326605557731115326e-01
1.322780222911829895e-01
1.316297892024603788e-01
1.314512506112834878e-01
1.324375062303472794e-01
1.330618647094151119e-01
1.330883440097351544e-01
1.332573661853260205e-01
1.332959931287208966e-01
1.326322210092461540e-01
1.326662743550804102e-01
1.339753678504096435e-01
1.352670425818352784e-01
1.364756558591956048e-01
1.375936939422317817e-01
1.385963033243183262e-01
1.390366668331359523e-01
1.390160001325897454e-01
1.386568901385697994e-01
1.387438234363173872e-01
1.384971944202416927e-01
1.383831284724701682e-01
1.380308579698138471e-01
1.379321353180535392e-01
1.388017930714816883e-01
1.400011981644796455e-01
1.412896816318408022e-01
1.423452969841324800e-01
1.430951837719507680e-01
1.438894412521388722e-01
1.442252701311824703e-01
1.434106839343708417e-01
1.426554658477182658e-01
1.420029575609233763e-01
1.414589158414432113e-01
1.408717156567443340e-01
1.400255483815132929e-01
1.387744545749728664e-01
1.373579568216520552e-01
1.384034957164689272e-01
1.403614428460492614e-01
1.419868072781459989e-01
1.432034193389485621e-01
1.431057440646452683e-01
1.433391759451344560e-01
1.451631984326432756e-01
1.470205517490242586e-01
1.481682494671452688e-01
1.493554428940227219e-01
1.513725979953233491e-01
1.523167100194810775e-01
1.519574904402067883e-01
1.510479272510523441e-01
1.493572043873986344e-01
1.478563008179523408e-01
1.482765690257454860e-01
1.491109911583939074e-01
1.493535555581570751e-01
1.500007637830960971e-01
1.499248464587337182e-01
1.487084030927022793e-01
1.471338118300303255e-01
1.450471048165747623e-01
1.430133894142220918e-01
1.407521248692243376e-01
1.422448449180208907e-01
1.442304801966530492e-01
1.462342456675655711e-01
1.479306488577072642e-01
1.495334465994724027e-01
1.489592917686882179e-01
1.482279695459605418e-01
1.473310628942203215e-01
1.461542313804234106e-01
1.449299026609875141e-01
1.443456161602323928e-01
1.440019547691686608e-01
1.436057780224954949e-01
1.406198528952502247e-01
1.380597427118387677e-01
1.370597432799708359e-01
1.378567193351289411e-01
1.388934864243025480e-01
1.385304677869214629e-01
1.381158082003534626e-01
1.358856713713521291e-01
1.316917958503353858e-01
1.271675547524467598e-01
1.219542658332673640e-01
1.173789179041314495e-01
1.160723355156427355e-01
1.200143797596241457e-01
1.246628377870025450e-01
1.288080793861866302e-01
1.332617143309207108e-01
1.363120396362974551e-01
1.342121750296195182e-01
1.322377838401062877e-01
1.297402166014387792e-01
1.266125444526562394e-01
1.243716947701144077e-01
1.237106096955268159e-01
1.221664424468045240e-01
1.216989435749212811e-01
1.212262996487331740e-01
1.203553638702691275e-01
1.196313307382623065e-01
1.188879296535791663e-01
1.180919670281179862e-01
1.177371776660059849e-01
1.175589221962727582e-01
1.183925649355402759e-01
1.186874406003915888e-01
1.196196145687438844e-01
1.204014885579710453e-01
1.209676225569873559e-01
1.217692583786931793e-01
1.228085956844844062e-01
1.234888339428106135e-01
1.244499930191393516e-01
1.257374581619767895e-01
1.273301541020802896e-01
1.293079678558557433e-01
1.308527707441275167e-01
1.322039404882192071e-01
1.326642990677604494e-01
1.350609946101732073e-01
1.370659310378783136e-01
1.389877068540886773e-01
1.406002859303455976e-01
1.421295057715710741e-01
1.419415806755728870e-01
1.426700463961793341e-01
1.430087996949163387e-01
1.436164870616793432e-01
1.440925360764432894e-01
1.444444983730306942e-01
1.427766217162949325e-01
1.423585295850932908e-01
1.422179210209267297e-01
1.428164177493590481e-01
1.435963732732581655e-01
1.444879531689917118e-01
1.458237893269821728e-01
1.485820323022897793e-01
1.511382487595771262e-01
1.546437310641762264e-01
1.558230861707867732e-01
1.551382028988121664e-01
1.539383999008529513e-01
1.536737592589426660e-01
1.516803815094867336e-01
1.552292648435192324e-01
1.584904663591412410e-01
1.608122932060238597e-01
1.637569036224026109e-01
1.652832083062045210e-01
1.649293147959890182e-01
1.642469780908067944e-01
1.634947018338280544e-01
1.618367394273415860e-01
1.594868924252773601e-01
1.577326729307988451e-01
1.554748724253923187e-01
1.518419885756149001e-01
1.469414698120766194e-01
1.418867062653448030e-01
1.391407786019917270e-01
1.398329642059230327e-01
1.405762178341912472e-01
1.411421926969015084e-01
1.405314585208488898e-01
1.395934891226238705e-01
1.389131716461024235e-01
1.389466782511723508e-01
1.401301311931689997e-01
1.430917388127704026e-01
1.458259440206410851e-01
1.451007012705328725e-01
1.455331119553065211e-01
1.454411052988379693e-01
1.429139950091746769e-01
1.397981904209744108e-01
1.380342079872638739e-01
1.359901482905483960e-01
1.314144921236893582e-01
1.274412074206351386e-01
1.232493578382197752e-01
1.213495564589679721e-01
1.196489064309798345e-01
1.181217323179888090e-01
1.167764669272130240e-01
1.154056145405519818e-01
1.120653180608849470e-01
1.092049644761524663e-01
1.064461000521414041e-01
1.026403043167073009e-01
9.812940425919076948e-02
9.544031205943423468e-02
9.351497837418699943e-02
9.280977588214599228e-02
9.359180598427838116e-02
9.428149736136222370e-02
9.625358139414157133e-02
9.831149422248712522e-02
9.701236545548078127e-02
9.437204328135311016e-02
9.120861946745535687e-02
8.908128345839665119e-02
8.696148406821735399e-02
8.396184261585991349e-02
7.874689354182544399e-02
6.982514783749377285e-02
6.211128760585610253e-02
5.998410463170032736e-02
5.707177398530501045e-02
5.106724447658875232e-02
4.446565624815852075e-02
4.091603420658143642e-02
4.780638884623326229e-02
5.390355610425318772e-02
5.926823068537162564e-02
6.138789873173477324e-02
6.275622113498129095e-02
6.188342495639306134e-02
6.079044369862608016e-02
5.869442338542347343e-02
5.793744495511259085e-02
5.695646416010591295e-02
5.231326725814516160e-02
4.738900410475704178e-02
4.418657116976939386e-02
4.054003976132154047e-02
3.637151626128590221e-02
3.633751075439848460e-02
3.707443147109083792e-02
3.781007148095164722e-02
4.024672365441719218e-02
4.248480362150646589e-02
4.231806642018478420e-02
4.103737164891253786e-02
4.099177265929798697e-02
4.052838365571125034e-02
3.962170535140892985e-02
3.829851269769724703e-02
3.661505969686517509e-02
3.311432753635945581e-02
2.942699568354986348e-02
2.648781660764868914e-02
2.394387488583687995e-02
2.198606145556654401e-02
2.054538953200387569e-02
1.994646987286912906e-02
2.001095209465523703e-02
2.002020594012452956e-02
1.972358627603783970e-02
1.925031337256457101e-02
1.923932987134211597e-02
1.944131788962098414e-02
1.972034213109702394e-02
1.993032912111812258e-02
2.007107056169236264e-02
2.028242884506045382e-02
2.041042207549664464e-02
2.055843142686076402e-02
2.049871436793794174e-02
2.040301602351947061e-02
2.032334552694281884e-02
2.023268641663312009e-02
1.997325204187808470e-02
2.031291454978715813e-02
2.073885573492634943e-02
2.105942473700043310e-02
2.138030627262464331e-02
2.171785926831422756e-02
2.150765961258583811e-02
2.117721244635871469e-02
2.083545430197867795e-02
2.051627978615077480e-02
2.020797317563852169e-02
1.959842214741796401e-02
1.875051435600988414e-02
1.786231060997570466e-02
1.710540315956841570e-02
1.638668001746419051e-02
1.617347780440278951e-02
1.634827341896202824e-02
1.657578009406945885e-02
1.695882370433791225e-02
1.748585667614438108e-02
1.747027006728399737e-02
1.673861814670203271e-02
1.612416174302156585e-02
1.595949449526886527e-02
1.567213774441108404e-02
1.526104043140138686e-02
1.471609107282966129e-02
1.415533096371463483e-02
1.343708246774812098e-02
1.282014296386327877e-02
1.224884428127285402e-02
1.194726213124172598e-02
1.145129274086753406e-02
1.122404203176297945e-02
1.102069938381269182e-02
1.074836431072259332e-02
1.027815920071939622e-02
9.845531958501291606e-03
9.407026080365483989e-03
8.880678092076682573e-03
8.370809226314213786e-03
8.084810824431375165e-03
7.878870962894541502e-03
7.652364150252477168e-03
7.427119966567793073e-03
7.296554405586667784e-03
7.247903525750623577e-03
7.148433303708498499e-03
6.987924433725855103e-03
6.726332580027295956e-03
6.337303618713774518e-03
6.157942174926708118e-03
6.108858006495594857e-03
6.085879490797315751e-03
6.039200223711796260e-03
5.963335703102743725e-03
5.885510682727690401e-03
5.795945576700742979e-03
5.693330768255807847e-03
5.587594645528611015e-03
5.477759638215063710e-03
5.360200105530398516e-03
5.249899371859183782e-03
5.151568815878577838e-03
5.040070971276840867e-03
4.895690431720753182e-03
4.763034894196565942e-03
4.645111774097518235e-03
4.560706323489338056e-03
4.482227594255041962e-03
4.416909322001044864e-03
4.331762079343899792e-03
4.212917636962468064e-03
4.085793170719578989e-03
3.926166922981214925e-03
3.788865587252610891e-03
3.646078952313857625e-03
3.587784232351513142e-03
3.507151236622796028e-03
3.445531594403095695e-03
3.387955047088377254e-03
3.331556825184646149e-03
3.354959604254494337e-03
3.384149764578168497e-03
3.409730113527943262e-03
3.428986162620263362e-03
3.448996017034883232e-03
3.503030317155361294e-03
3.564810909298224677e-03
3.624846966251169065e-03
3.685207829034902165e-03
3.755121624383702880e-03
3.827284831887731685e-03
3.901263195734469731e-03
3.975193025343867759e-03
4.045818665115451067e-03
4.117939131817273390e-03
4.181162725436513364e-03
4.239036797723981335e-03
4.297019892115111830e-03
4.351576834948137767e-03
4.405934497326513544e-03
nan
nan
nan
nan
nan
nan
nan
nan
nan
nan
nan
nan
nan
nan
nan
nan
nan
nan
nan
