4.469260808806132445e+03
1.674137925439946230e+03
-1.117634593358582379e+03
-2.705684634119569637e+03
-2.410683088476120702e+03
-2.033632530300405961e+03
-2.686682639223058686e+03
-2.883894901445735286e+03
-2.751734663035741960e+03
-2.418270873544604910e+03
-2.127965598243058139e+03
-2.067593508268563710e+03
-2.028157021289272961e+03
-2.068795775682811382e+03
-1.875953484568807198e+03
-1.565555625812451126e+03
-8.128483381399205427e+02
-7.891618712715558104e+01
-2.771376308876962469e+01
-3.702836195880189507e+02
-8.675648489966498573e+02
-1.304868467040891346e+03
-1.483781622707165752e+03
-1.332372145706292486e+03
-1.281542217802124014e+03
-1.171631454781773073e+03
-9.606176097156079550e+02
-8.206193497338695124e+02
-8.009283700829237205e+02
-7.176932710851001502e+02
-6.395477797481930793e+02
-8.057956653951698627e+02
-9.046272439879288640e+02
-1.008153821507740076e+03
-8.185443278348959666e+02
-6.417596959313995058e+02
-4.770673668569486381e+02
-3.942646899902562154e+02
-3.063595629046643012e+02
-3.012238062692726999e+02
-3.808106228503521606e+02
-5.402871505232303662e+02
-5.333871734433979555e+02
-5.126142812155271713e+02
-4.600963054441342592e+02
-3.981280585700932306e+02
-3.848015194280138189e+02
-3.323347983941462189e+02
-3.441642522731928580e+02
-3.373009773918858514e+02
-3.330751732199159392e+02
-3.472015755379516690e+02
-3.222669777523763628e+02
-2.847147364785236050e+02
-2.643234387638686371e+02
-2.304818447438094040e+02
-1.998270233472808570e+02
-1.845812201407354962e+02
-1.730114679711687984e+02
-1.548130428063150532e+02
-1.542960159539126437e+02
-1.317695264828634549e+02
-1.065516103128247067e+02
-9.236276735762032786e+01
-8.140542155841799854e+01
-6.979528462144392620e+01
-6.053807479382962242e+01
-5.266024027454978551e+01
-4.360618799638755405e+01
-3.522297419235629690e+01
-3.053366219128526282e+01
-2.604278853481512357e+01
-2.053832567481963167e+01
-1.826759877938774679e+01
-1.516871817161632130e+01
-1.235033997273152906e+01
-9.751967828565609508e+00
-7.205296292403643221e+00
-5.838600669277032473e+00
-4.959138129807116435e+00
-4.218632356005212358e+00
-3.474137738079462245e+00
-2.603661700713755245e+00
-2.380638568389999321e+00
-2.008280510283442233e+00
-1.660686308642081110e+00
-1.336510722608161839e+00
-1.110947715605312691e+00
-8.757732539603351185e-01
-6.790169341146146120e-01
-5.439460660339537901e-01
-4.469563249729928689e-01
-3.533944196297431062e-01
-2.262514860125598992e-01
-9.756041223521688677e-02
-9.175507799105737591e-03
3.726769286639753515e-02
7.759868285658809428e-02
9.610453693453423207e-02
1.113294984044503472e-01
1.398949134706366781e-01
1.651088222148484885e-01
2.120665569525508332e-01
2.386182821162941836e-01
2.428563429938426221e-01
2.637856781770744896e-01
2.796000432622907095e-01
3.004337682493608552e-01
3.212162187894684329e-01
3.395172465537186768e-01
3.599203116819072457e-01
3.595929689462278867e-01
3.588504624357107819e-01
3.531709155156380064e-01
3.395746729227180905e-01
3.493231989567858187e-01
3.520517855478583202e-01
3.536061651393158090e-01
3.659882432562396870e-01
3.627843501000779791e-01
3.661863538936743767e-01
3.757577407895480448e-01
3.918160331788628770e-01
4.100120150784811734e-01
4.019733372638470970e-01
4.024784909605143013e-01
4.069971091611768177e-01
4.029521253890797627e-01
4.015175571612837890e-01
3.846870394050291853e-01
3.712947745541431699e-01
3.594350107539511230e-01
3.334612185041530008e-01
3.184825575121585373e-01
2.909807910602206227e-01
2.640495584464653267e-01
2.451042818408977753e-01
2.313763524590100318e-01
2.249189853447938758e-01
2.274046938152519959e-01
2.297126533841098439e-01
2.367439744522642775e-01
2.413579807047122605e-01
2.472913073373408932e-01
2.489902997430288312e-01
2.476311945168115369e-01
2.469220574144313229e-01
2.270607587822830176e-01
2.169843146778382692e-01
2.136915266567933624e-01
2.148135889475874805e-01
2.232640899184110406e-01
2.239320754223307064e-01
2.253988400244550105e-01
2.313855456499544772e-01
2.368213749523909450e-01
2.459095428481266610e-01
2.512137483200250765e-01
2.539700623577630934e-01
2.618845252401950097e-01
2.637113227527758119e-01
2.693944723046153844e-01
2.676777200953799896e-01
2.634429726419184048e-01
2.675285140070295387e-01
2.601433041378866662e-01
2.559270295630471925e-01
2.511654791466542691e-01
2.377376740568642455e-01
2.277850394290522884e-01
2.137648260690614144e-01
2.045070249856589251e-01
2.003436231294478120e-01
1.952644906765279853e-01
1.922529292044287408e-01
1.888356183333152749e-01
1.859400274384657714e-01
1.873032894327491538e-01
1.881419729549877462e-01
1.906538186387451983e-01
1.891814041477700437e-01
1.865307807863302580e-01
1.851513571147862247e-01
1.824224384123758202e-01
1.822603541002197902e-01
1.815052806229430493e-01
1.781626774807875679e-01
1.772040340934478153e-01
1.788048763776694250e-01
1.815828507975127404e-01
1.860749521057754319e-01
1.890412431666519955e-01
1.930688664964258505e-01
1.986380760446634919e-01
2.069939843400573909e-01
2.164931251890994390e-01
2.228170024002180671e-01
2.295848309621533190e-01
2.321280732696122395e-01
2.298295000043340253e-01
2.275611929752416052e-01
2.249249982577288531e-01
2.235345101313103711e-01
2.188919211342254534e-01
2.112154175199601192e-01
2.050125819321107767e-01
1.948626179789665069e-01
1.852320215878192067e-01
1.752686534581163191e-01
1.644966253265746081e-01
1.574965609624986163e-01
1.525557097042051780e-01
1.490696963457411595e-01
1.474045790699840541e-01
1.494076477393437019e-01
1.532151730230240927e-01
1.531948906979193337e-01
1.519891308148120235e-01
1.533812277314401951e-01
1.535789805702240385e-01
1.540605098552878527e-01
1.552643136849946037e-01
1.565486578209489832e-01
1.582712056472606876e-01
1.565289245251560435e-01
1.565461650927880144e-01
1.571970842605752983e-01
1.574732084999570236e-01
1.576982952666288462e-01
1.566189449265521783e-01
1.555251465571064196e-01
1.537462743546316735e-01
1.531459747124301884e-01
1.534231368563711007e-01
1.528430948300822934e-01
1.509647110748006671e-01
1.489623163591687061e-01
1.497124652673890166e-01
1.510049477199811307e-01
1.516992673494278188e-01
1.522295087806799230e-01
1.550551382325814631e-01
1.599173204067650678e-01
1.661274402366061387e-01
1.677429626975108778e-01
1.651675308516690477e-01
1.654985321541982135e-01
1.640963628665980667e-01
1.629589905755796375e-01
1.622742134493697364e-01
1.621924226352208231e-01
1.612557835396019601e-01
1.557578728804653589e-01
1.505727143774317767e-01
1.469852386009133649e-01
1.449519580892394410e-01
1.440255732371543695e-01
1.429744304338055605e-01
1.428492519400465510e-01
1.431654836158806898e-01
1.415126184971384482e-01
1.403652385770278732e-01
1.406218893036643436e-01
1.422917363503586607e-01
1.444668125366801725e-01
1.419494258222135930e-01
1.398585549819408025e-01
1.394538111320951790e-01
1.401010160719589615e-01
1.414447673819815010e-01
1.414024564289363406e-01
1.412148082292219164e-01
1.417827069437234966e-01
1.424953469492523384e-01
1.436960719798973940e-01
1.453136238207192454e-01
1.478778002000673275e-01
1.503723671116622140e-01
1.498936386287468281e-01
1.493001365918338041e-01
1.494178495401747297e-01
1.493132898166113776e-01
1.493369673319967228e-01
1.454257425759533928e-01
1.430209847089995989e-01
1.398808701112770059e-01
1.367789509845483698e-01
1.340837900895226475e-01
1.319353266149141946e-01
1.303992287057009480e-01
1.298698012630033483e-01
1.296928591470268011e-01
1.294834592483502245e-01
1.302339669898862351e-01
1.316489105762725653e-01
1.329938609502117897e-01
1.340273246053503287e-01
1.351523987030270324e-01
1.358322105291193682e-01
1.352152574376538907e-01
1.341826447530510558e-01
1.353873961633836054e-01
1.363624372895942960e-01
1.372563070273692121e-01
1.375006377325715123e-01
1.374769660086441192e-01
1.374099964362934523e-01
1.377338006192564968e-01
1.369822311650595592e-01
1.365442297837826391e-01
1.359238625999378836e-01
1.328059382848484349e-01
1.294157916912342943e-01
1.265626986938793996e-01
1.243539812628146474e-01
1.235400469143033697e-01
1.234060799308810130e-01
1.232921515195094658e-01
1.235691300851214092e-01
1.232310212678094929e-01
1.236352620633158483e-01
1.224002298231287172e-01
1.209235509869772962e-01
1.227753004690922828e-01
1.265645844319066293e-01
1.287356159375149245e-01
1.275289854099288522e-01
1.260748869656297677e-01
1.253453806495043177e-01
1.212649010371464747e-01
1.157978086810990820e-01
1.127428879688590485e-01
1.137666084232881319e-01
1.127029789293235162e-01
1.113736525289114182e-01
1.100622076405925187e-01
1.090167726525177322e-01
1.077423380520137058e-01
1.063792330753881438e-01
1.056031112653524062e-01
1.052859761029974472e-01
1.063196983767866199e-01
1.055107543592786468e-01
1.069285550422082870e-01
1.076783453497745929e-01
1.076364065495390709e-01
1.087338330390954372e-01
1.075556421984127237e-01
1.074668553118347247e-01
1.081293180894248307e-01
1.077478156861038927e-01
1.075101832207221303e-01
1.062472119710048818e-01
1.062429110060615634e-01
1.064957772120999763e-01
1.047185684639322795e-01
1.045671716474820545e-01
1.064853437298692307e-01
1.082366464691787572e-01
1.090917406781868187e-01
1.092292085451018052e-01
1.097918738337344685e-01
1.093308179437813416e-01
1.077679123606896244e-01
1.067798974992366645e-01
1.031433694993899169e-01
1.009564461480213504e-01
1.011850620873882417e-01
1.032130773928259110e-01
1.067643746595648840e-01
1.042741647419683643e-01
1.032966218428451183e-01
1.022279809165152625e-01
1.025551755790876096e-01
1.047044500014134849e-01
1.062024506932347651e-01
1.071823887966613931e-01
1.068625193341603830e-01
1.027087678985455083e-01
9.820754881770435429e-02
9.649304739719134771e-02
9.836724930802735745e-02
1.011848473117587799e-01
9.940074515135705058e-02
9.889807359955016253e-02
9.854667199590451399e-02
9.570166752810095601e-02
9.262404858962300369e-02
9.265392632075612755e-02
9.105873469138828225e-02
9.071529967143807105e-02
9.064800361271625750e-02
8.970218795555602587e-02
8.960621234103691157e-02
9.050877220631374509e-02
9.028854941690846181e-02
8.723430342622126576e-02
8.626619809859953358e-02
8.439601579282035582e-02
8.222446228056842776e-02
8.269585352196139050e-02
8.248431108431397707e-02
8.379750730185397956e-02
8.406224934003987681e-02
8.291902764675847248e-02
8.148767867912685980e-02
8.443395529249896059e-02
8.456301553323661291e-02
8.384811219451998587e-02
8.315580438165534605e-02
8.012226125605849403e-02
8.014089669101499835e-02
8.000639965182504421e-02
8.031358923709504272e-02
8.044213275454793755e-02
7.970928645058046602e-02
7.880594237370987243e-02
7.707192926842250380e-02
7.525821624914301455e-02
7.514597123220874419e-02
7.429389151238811884e-02
7.365052425594263708e-02
7.399078658416939624e-02
7.382899869130939152e-02
7.525537067755333487e-02
7.504831990474084003e-02
7.428236931990610248e-02
7.564497001234155027e-02
7.842081347981706696e-02
7.595363031584194402e-02
7.377639196736238136e-02
7.481366876107037323e-02
7.444569430710031022e-02
7.207950818929864667e-02
7.097447732364921269e-02
7.094448192924698859e-02
7.119209057973883981e-02
7.168063986816286537e-02
7.052527509845098186e-02
6.981957574625802243e-02
6.940054658697619727e-02
6.764112226533373906e-02
6.861227784068195390e-02
6.961258212651456889e-02
7.116475382821738083e-02
7.387047569723401153e-02
7.593156749649117299e-02
7.357380944520408583e-02
6.648038696398905767e-02
6.284901354169315779e-02
6.298799489124840001e-02
6.240223603076365533e-02
6.137783462002496110e-02
6.088804470901983817e-02
6.103993894770280704e-02
6.164822496429592236e-02
6.300426712000252449e-02
6.300111290049745238e-02
6.006656734930181096e-02
5.870058139966387312e-02
5.763026029840147973e-02
5.940653071339811742e-02
5.943333871189049322e-02
5.846888492056678127e-02
5.761557650220270471e-02
5.849486317441043859e-02
5.735952115648210864e-02
5.580342794998855577e-02
5.335153215561973250e-02
5.199950165916307487e-02
5.134874994831103295e-02
5.169750888475110190e-02
5.310936798546250087e-02
5.417921176362883867e-02
5.673875933534085897e-02
5.611069334638425082e-02
5.359566598198189230e-02
5.176273958933285541e-02
5.349711999728571504e-02
5.508100178639147720e-02
5.600980070414902923e-02
5.566287486557394693e-02
5.613083154796999485e-02
5.728103856869130872e-02
5.802729947062762461e-02
5.800367329784401893e-02
5.797625207876765108e-02
5.821867255929644158e-02
5.758778192567585302e-02
5.417635795270996091e-02
5.158569793625837618e-02
5.228633762805359048e-02
5.279143731967340936e-02
5.529163818061676172e-02
5.785624401032717773e-02
5.838347129926783896e-02
5.933104216615506937e-02
5.891250268309055488e-02
5.681581627906457516e-02
5.375962362257166727e-02
5.247057934056085365e-02
5.326283196891245381e-02
5.547484648263728557e-02
5.617056887310523106e-02
5.604006438096715420e-02
5.619353536793156301e-02
5.473058833341659657e-02
5.495195176262788334e-02
5.438794317429276187e-02
5.197173715108045072e-02
5.364437050665882972e-02
5.783502631965864449e-02
6.026465220936129408e-02
6.063286112868948585e-02
6.055614334439853724e-02
5.725371257022530969e-02
5.374730805078985901e-02
5.301481757161056324e-02
5.261864971907937588e-02
5.090796562998663177e-02
5.092987686294783017e-02
5.180126925589448317e-02
5.308909606581044272e-02
5.384306006480324425e-02
5.415000752208323775e-02
5.243994914627726073e-02
5.232685700976543591e-02
5.327377434989309657e-02
5.114846641991978998e-02
5.108068889925606454e-02
5.365687845851794396e-02
5.480179626631197232e-02
5.302040243395474139e-02
5.305904186785110471e-02
5.168246186651245799e-02
4.935430453283431301e-02
4.940045004177704563e-02
5.079308388406490044e-02
5.081910777582013955e-02
5.102524964606484220e-02
4.981090059916716550e-02
4.916475056454765874e-02
4.875400373418331545e-02
4.748230803012524343e-02
4.619174817570115277e-02
4.650109620634649416e-02
4.816988999979265190e-02
4.740021510942621363e-02
4.516325035966894941e-02
4.503460184361365165e-02
4.928872624224153731e-02
5.421594778260038078e-02
5.471477307315523314e-02
5.352646291634659270e-02
5.366866622536577147e-02
5.339652585813661756e-02
5.361179542098283568e-02
5.306037927671192200e-02
5.183699869137212840e-02
4.930836322448940712e-02
4.663234762033785508e-02
4.410654617798319410e-02
4.193168512648771246e-02
3.989415388720912725e-02
3.992009813790105277e-02
4.114794280582054903e-02
4.264405358162658144e-02
4.414096491796148936e-02
4.685931077254974070e-02
5.028889465435430750e-02
5.353989485306767659e-02
5.448779539811533096e-02
5.455850101711350042e-02
5.428492109215380529e-02
5.246521194160149587e-02
4.945130676604050229e-02
4.799483884271193296e-02
4.798707282977094507e-02
4.823417439625163339e-02
4.835207949980296904e-02
4.837168470261202918e-02
4.866088712232460867e-02
4.918635206820763661e-02
4.980845485888493046e-02
5.014231972112459523e-02
5.175259949052771202e-02
5.302637411311868915e-02
5.226038643865781735e-02
5.175849644050940779e-02
5.187164628124887877e-02
5.346142670639263822e-02
5.503166200106079931e-02
5.246402966139568358e-02
5.000325455720809609e-02
5.082460525811145768e-02
5.139662898017708509e-02
5.258278899613600538e-02
5.213329524322617842e-02
5.165738570337450458e-02
5.054437565271204663e-02
5.012696368273206887e-02
5.014727595430480689e-02
5.107004927855712112e-02
5.223813079787682084e-02
5.351648727002363687e-02
5.508139588951557059e-02
5.631888660706316219e-02
5.674800276669102195e-02
5.666964258034471597e-02
5.568723232123302253e-02
5.476227071291290410e-02
5.444089660086574856e-02
5.397697407243840645e-02
5.390144740053943312e-02
5.391637956125604203e-02
5.389605108275394990e-02
5.377221495722647043e-02
5.334835684143127144e-02
5.234356854739793258e-02
5.200200097983854325e-02
5.283186863718491305e-02
5.355441859916804104e-02
5.470281293314340626e-02
5.674765911257378254e-02
5.853653842817842234e-02
5.859659470577174151e-02
5.787709447245981131e-02
5.660813380373454912e-02
5.619816272778339200e-02
5.532405412113146348e-02
5.506638069220643611e-02
5.459567558358849326e-02
5.463135321056443450e-02
5.624647563961253371e-02
5.827041040890065804e-02
6.030356041846053616e-02
6.123280216516398256e-02
6.151686986104251686e-02
6.238624081631266582e-02
6.267372601166701362e-02
6.100109852366944474e-02
5.892432246268001356e-02
5.703184899628552240e-02
5.641800221396305048e-02
5.621893403198464229e-02
5.628110400587654077e-02
5.634268822874134719e-02
5.600977764742180037e-02
5.681719308561201942e-02
5.775632308057948583e-02
5.790863751977191887e-02
5.764238430070046937e-02
5.676243543875583025e-02
5.735688268530771822e-02
6.030967889762251649e-02
6.359992590299272386e-02
6.581466564564601718e-02
6.737748524832982977e-02
6.865180436123355379e-02
6.799844736860746752e-02
6.618366463726096938e-02
6.380759488357723441e-02
6.129753856432273301e-02
5.942838733531940337e-02
5.962549487513416763e-02
5.986252913480902271e-02
6.001578790673407077e-02
6.054883936141990108e-02
6.061977781261256026e-02
6.075254992395876658e-02
6.087959492186276189e-02
6.094780600481831956e-02
6.074578276161302776e-02
6.046639331650974919e-02
6.090710038460603326e-02
6.171459572525581083e-02
6.268729177143761433e-02
6.269758522642646104e-02
6.273497266276482909e-02
6.205036814274862006e-02
6.147131673470689062e-02
5.989125353260323081e-02
5.787561633118510490e-02
5.587092001390488172e-02
5.677131151663896563e-02
5.864119089912603333e-02
6.059863243464568006e-02
6.107641383959798442e-02
6.149566020321393933e-02
6.105722512407388974e-02
6.058875252099651249e-02
5.957078529966359365e-02
5.747293430271506465e-02
5.532546246750055796e-02
5.427065010878774631e-02
5.435183503962409679e-02
5.461381733297360902e-02
5.494993287046348596e-02
5.554339617964567516e-02
5.585960409238790308e-02
5.530143828309572879e-02
5.431581515682282202e-02
5.390933311844599285e-02
5.439687375766070337e-02
5.456891767924325343e-02
5.296314651695281650e-02
5.164864862546784952e-02
5.103000868496055525e-02
5.022140849690347186e-02
4.976658280028272568e-02
4.940484452335493909e-02
4.897314115099693499e-02
5.020367362374176384e-02
5.179525621270103519e-02
5.356341796254176363e-02
5.186481497543928010e-02
5.082812226961703345e-02
4.898099143523555743e-02
4.892049711615653607e-02
4.917437755998841503e-02
5.018341334719465113e-02
5.095106604715247262e-02
5.302100643913296163e-02
5.463350565078568810e-02
5.620683805208991080e-02
5.663823636463479611e-02
5.677571508718064208e-02
5.615641314046686261e-02
5.554095756071487922e-02
5.537362889026890833e-02
5.562998551755320847e-02
5.602657152625299675e-02
5.643668119987417520e-02
5.649779129815030859e-02
5.690059581199240213e-02
5.730943087200392194e-02
5.752057996877710244e-02
5.763152675407741399e-02
5.737203685715324547e-02
5.669166302954297548e-02
5.546599218967687706e-02
5.465524299816135884e-02
5.445437521219743254e-02
5.521771809504871092e-02
5.602769581651478176e-02
5.606674691669375626e-02
5.366350497137659104e-02
5.242621458982133636e-02
5.147935939553676538e-02
5.128718397027649117e-02
5.146341230605793599e-02
5.277898246485077799e-02
5.431753354007019113e-02
5.672098525933241819e-02
5.886249269415854551e-02
6.220822619239277373e-02
6.084080790142974010e-02
5.883819846494107997e-02
5.680154995985498695e-02
5.569479830159612677e-02
5.411688537063094606e-02
5.464787840774929656e-02
5.496059008074585112e-02
5.617037475948343656e-02
5.853302737196262873e-02
6.008924333646071397e-02
5.975408576698462704e-02
5.831131940836262878e-02
5.682151889607305745e-02
5.588806622351754488e-02
5.487929176439165085e-02
5.325149465260697879e-02
5.169289982272740752e-02
4.940237724208052655e-02
4.643926363118894979e-02
4.330318052937032203e-02
4.273863878091974794e-02
4.484104740870025613e-02
4.654655339494252059e-02
4.745165890018764737e-02
4.744101804791979460e-02
4.642797387907009188e-02
4.452765730484113671e-02
4.351978198571999218e-02
4.319663602414020032e-02
4.338717476362000808e-02
4.424889720720091152e-02
4.610349492932005327e-02
4.765479718737015979e-02
4.870527317177796717e-02
4.794874352439444654e-02
4.669151742362296492e-02
4.447823815458584046e-02
4.208323639978266140e-02
3.845762579581291779e-02
3.596557939123790765e-02
3.311485945744170600e-02
3.255036001181316890e-02
3.180074425569623386e-02
3.128049278004025463e-02
3.080994605463390282e-02
3.029162651453468080e-02
2.938933261014720077e-02
2.870891289674698532e-02
2.816233302808760636e-02
2.714977258878954053e-02
2.575560387827770942e-02
2.471885884387757873e-02
2.397476572064637448e-02
2.349318043594343999e-02
2.368334532960997968e-02
2.428900049922459378e-02
2.593420373960277428e-02
2.810368771324440323e-02
2.884573255793526289e-02
2.883544278746379141e-02
2.875251782848936566e-02
2.820680383279807954e-02
2.667522927067770069e-02
2.477801181941225589e-02
2.142001285809844863e-02
1.653246569703548802e-02
1.317220333177697260e-02
1.274502457010595786e-02
1.201152323844237833e-02
1.011659737110934092e-02
8.181368706605402288e-03
7.330196323701203623e-03
9.973662005840509825e-03
1.265730069147411388e-02
1.525299829679214667e-02
1.649875429067373250e-02
1.746861150465922261e-02
1.724473657543806188e-02
1.692809551514004238e-02
1.582977309037063643e-02
1.515994015969830515e-02
1.431031806835963982e-02
1.285820091021079060e-02
1.137032404378614074e-02
1.048648537597639437e-02
9.503259680844965487e-03
8.408261736125723085e-03
8.683516250672904807e-03
9.267625364467044907e-03
9.891190285885542027e-03
1.089398884994638439e-02
1.179957976302998743e-02
1.184184892995428402e-02
1.146506251449499504e-02
1.149970284256684148e-02
1.134676436262418119e-02
1.108487071985471764e-02
1.063498418964021683e-02
1.008165885407754855e-02
8.989024060824494719e-03
7.947771471972472565e-03
7.232416208848025004e-03
6.638143120245009257e-03
6.178579928271255885e-03
5.835344748035296153e-03
5.693138590122594385e-03
5.707103014884659306e-03
5.727844665540954977e-03
5.732866688891543293e-03
5.722012345616897359e-03
5.834858083193496421e-03
6.001160081153236216e-03
6.170442244053544675e-03
6.255313700949768907e-03
6.335855140667572688e-03
6.445157159341539065e-03
6.579531009669765430e-03
6.715944308622801527e-03
6.760813702258566468e-03
6.840715525527945630e-03
6.946309208986042351e-03
7.082531170210742619e-03
7.196588887878662376e-03
7.348467979547150877e-03
7.523885915997378764e-03
7.680533086340066845e-03
7.848613211053432487e-03
8.028593785631712998e-03
8.006287592481547283e-03
7.942430858720862102e-03
7.869922000707478896e-03
7.820017104854146486e-03
7.767937668547378847e-03
7.531328894499169507e-03
7.153346067247209200e-03
6.752628954865480190e-03
6.413280399698915828e-03
6.082579647123105386e-03
6.067060056984678248e-03
6.322511010283957122e-03
6.585689234274396363e-03
6.943610208223909702e-03
7.385108303951251792e-03
7.511282097362643323e-03
7.206842309047859114e-03
6.955372916945263238e-03
6.910781782233517932e-03
6.791989554288844870e-03
6.646400560044537879e-03
6.500518642265257739e-03
6.327395565826970762e-03
6.082701648891896198e-03
5.874965146425540317e-03
5.685471535342435413e-03
5.598093603031916235e-03
5.436507024863308606e-03
5.402029410491933879e-03
5.371968538396439813e-03
5.313507456791014168e-03
5.149397360736708736e-03
4.994478899540148210e-03
4.835300941264121175e-03
4.644409398757101508e-03
4.453841983711415327e-03
4.328333347638163228e-03
4.234709851547800719e-03
4.140915146250699272e-03
4.042793605463553680e-03
3.975066589030566699e-03
3.925940842864693997e-03
3.852690022855017552e-03
3.760229983677523466e-03
3.624655442176024159e-03
3.435506854140658872e-03
3.366107353908471232e-03
3.357745755896975309e-03
3.350637763018745469e-03
3.326509654002710124e-03
3.286146503061335416e-03
3.209307442231079232e-03
3.117713098106095985e-03
3.027455597626091486e-03
2.939764415491235693e-03
2.854277613221799410e-03
2.765789836452995677e-03
2.674877513942715192e-03
2.596097226125193558e-03
2.515609388516092809e-03
2.416950270594381712e-03
2.326820804018325285e-03
2.241678103176509857e-03
2.180985553535750091e-03
2.126056852221614758e-03
2.081432574503014419e-03
2.024805410550531686e-03
1.941347732222176940e-03
1.855088507026033100e-03
1.752909473878245432e-03
1.671578114580741332e-03
1.591272563614617346e-03
1.558746257567816861e-03
1.515233763038567171e-03
1.484649242522184187e-03
1.458406581312292338e-03
1.435934842354714015e-03
1.454767141724886857e-03
1.476694554099493902e-03
1.497186484018706801e-03
1.515899042920408786e-03
1.535844078975593828e-03
1.572406744807578610e-03
1.613111987118192930e-03
1.652772347840484332e-03
1.692802784036744361e-03
1.737640135448541420e-03
1.783850074557802225e-03
1.831235660194069186e-03
1.879351391791458242e-03
1.926254227851612218e-03
1.974050869572028296e-03
2.033591884364261467e-03
2.105976660135620501e-03
2.181255737579395129e-03
2.256681990938858712e-03
2.333647057129822032e-03
nan
nan
nan
nan
nan
nan
nan
nan
nan
nan
nan
nan
nan
nan
nan
nan
nan
nan
nan
