1.716041039637668462e+02
1.716040989901221394e+02
1.716040900855969369e+02
1.716040811810795788e+02
1.716040595878768897e+02
1.716040379947109216e+02
1.716039999287790181e+02
1.716039618629617394e+02
1.716038900409750454e+02
1.716037179092670328e+02
1.716033509102288406e+02
1.716025752915689964e+02
1.716006421747469801e+02
1.715959704784597477e+02
1.715845294098502052e+02
1.715742247341387383e+02
1.715534766688748221e+02
1.715269608645717767e+02
1.714991986651240836e+02
1.714586524010214816e+02
1.713702186034080057e+02
1.712301415839538947e+02
1.710269730366804311e+02
1.706843498053442545e+02
1.703121216317334756e+02
1.700288292691616334e+02
1.697749231695733556e+02
1.694879640149180489e+02
1.692717691628752164e+02
1.689292491308406454e+02
1.686853141246966743e+02
1.684322161349151372e+02
1.681204835709055772e+02
1.678051543686514151e+02
1.675398267804916372e+02
1.672538735543865869e+02
1.669279222029785785e+02
1.666191142924018038e+02
1.661388051340132392e+02
1.655847061910781406e+02
1.652816471374068499e+02
1.650647341369521257e+02
1.645539796437641371e+02
1.643529020176875974e+02
1.640909716028582466e+02
1.637596265052416697e+02
1.634597776463126877e+02
1.630526573683341667e+02
1.628044165240964958e+02
1.623699614164624734e+02
1.620615442423734578e+02
1.617318089766966693e+02
1.611954922406008848e+02
1.609573729461880021e+02
1.604625612462742197e+02
1.600282407505896174e+02
1.595971687769482514e+02
1.592540735204701718e+02
1.589155856471666368e+02
1.584879678734372987e+02
1.579443156476733350e+02
1.576954249157327865e+02
1.573655504993450336e+02
1.568922919362826462e+02
1.565891473956329776e+02
1.561053727968635201e+02
1.556299908901349625e+02
1.552373412122067862e+02
1.548890059063465969e+02
1.544224471914360777e+02
1.536755277731713534e+02
1.533328040983258802e+02
1.531066334909425848e+02
1.526592176059679957e+02
1.521660100991975355e+02
1.516793326090028415e+02
1.512451643814907811e+02
1.507331245309914891e+02
1.503360018781659448e+02
1.498662128573166115e+02
1.492506799319542097e+02
1.488462492953644016e+02
1.483927197636176345e+02
1.479432630408456646e+02
1.476474504894128756e+02
1.472794107950414855e+02
1.464039069175275927e+02
1.458321823567843296e+02
1.453108841648802070e+02
1.446967361979199040e+02
1.443910156296397815e+02
1.438358061609896197e+02
1.435354604765464615e+02
1.430411863078450097e+02
1.425503447371822858e+02
1.420674631787165652e+02
1.412147182189052330e+02
1.407450792756501414e+02
1.400160915556489556e+02
1.392202673669314947e+02
1.385705053892950787e+02
1.378033328893515375e+02
1.371519033137400072e+02
1.363336024357662950e+02
1.357965887334785009e+02
1.349287223663841360e+02
1.343827337059794615e+02
1.335186748107131223e+02
1.331155702432332077e+02
1.321499488733505814e+02
1.315598240985519851e+02
1.312290573085767562e+02
1.304257563387442929e+02
1.300307652613900302e+02
1.293530406359632821e+02
1.286674308123014043e+02
1.282141423793565309e+02
1.274134167939456717e+02
1.268864535958739310e+02
1.264958474728849751e+02
1.256697008747993749e+02
1.249214981566492355e+02
1.242653740140081453e+02
1.238191815483233285e+02
1.233266208718932262e+02
1.226419324674013183e+02
1.220194372030667438e+02
1.214892935223096657e+02
1.206713767477433379e+02
1.202137235985227335e+02
1.195452481723884262e+02
1.188502678610932861e+02
1.183807254429971607e+02
1.176012493561708681e+02
1.169503996709616018e+02
1.164213032973920576e+02
1.156465764441503268e+02
1.151820703073837535e+02
1.144956139589036894e+02
1.138295458714298292e+02
1.128985515748767767e+02
1.125133713850700445e+02
1.121413090540819724e+02
1.113322904185113913e+02
1.109305877372671176e+02
1.103901889087265431e+02
1.099725068722794390e+02
1.093337364242482010e+02
1.087133371324470090e+02
1.080549703500346510e+02
1.075726263911051745e+02
1.068478656383150280e+02
1.061888021630979040e+02
1.057462508683742328e+02
1.052867893812488234e+02
1.045618848047391509e+02
1.039609527432697575e+02
1.035780659082530519e+02
1.031147940424085903e+02
1.023427524788081371e+02
1.017653829694793046e+02
1.014227527331680250e+02
1.010595863591178016e+02
1.008139222705607665e+02
1.002714234828718816e+02
9.975594551097188400e+01
9.944699362398340270e+01
9.880374913972379147e+01
9.838664614030265909e+01
9.797370087499747626e+01
9.770057133717244824e+01
9.715911623082709525e+01
9.671327192694748476e+01
9.644810509928355202e+01
9.605393789718893061e+01
9.554556795683569703e+01
9.489642384982860790e+01
9.420655506155601699e+01
9.379085858616117832e+01
9.336964199187255531e+01
9.309671514624876920e+01
9.246531398384780687e+01
9.176937804424061085e+01
9.105463495210766212e+01
9.059399485725013790e+01
8.979705965594538952e+01
8.929984158524590043e+01
8.889441722389106815e+01
8.822532891249838372e+01
8.743364023348260616e+01
8.691349509921921879e+01
8.642410563083122099e+01
8.593943676895086980e+01
8.561905839879898394e+01
8.514200736587437746e+01
8.466938642030176254e+01
8.435687493364292777e+01
8.373676396980167169e+01
8.342985064788953764e+01
8.295100101244788959e+01
8.243364346075075844e+01
8.192138428795823302e+01
8.141410787844225183e+01
8.107883784972965202e+01
8.050759612928411002e+01
7.975466743453151253e+01
7.919753511565355097e+01
7.882962277794987926e+01
7.846424882688981484e+01
7.810137524467108960e+01
7.767846024697233531e+01
7.725888401451918241e+01
7.684259061378405420e+01
7.601774431521828035e+01
7.561098650243393138e+01
7.520730583317063633e+01
7.476682581141844253e+01
7.411212112807965013e+01
7.346535143284252456e+01
7.280522462097687253e+01
7.211147825445497972e+01
7.165452590971270297e+01
7.120145810467207070e+01
7.069679209012842591e+01
7.044647642941451693e+01
7.019733306361726477e+01
6.970206649320850545e+01
6.921137985209256271e+01
6.896795029034747415e+01
6.872563417704000699e+01
6.824387429104032776e+01
6.769433227789257046e+01
6.742201354229830201e+01
6.715109590578741461e+01
6.661279328139910660e+01
6.607996289835492121e+01
6.581586954903654885e+01
6.555310466519186718e+01
6.503092973644876906e+01
6.451394997212398152e+01
6.400207920532533024e+01
6.345282649958424770e+01
6.318073059724026308e+01
6.291006852695043960e+01
6.237231930582287021e+01
6.184017998542631034e+01
6.126932716983363036e+01
6.098670889283577168e+01
6.042537406694838609e+01
6.014744148034378668e+01
5.987104326265573206e+01
5.959616654685309101e+01
5.899396206928985009e+01
5.839900502440212904e+01
5.810470307066117357e+01
5.781215776901314740e+01
5.752135390081082988e+01
5.723227651811630778e+01
5.665828995668059775e+01
5.637430996130515837e+01
5.609199946522720381e+01
5.577668865586754521e+01
5.546345042809148396e+01
5.515226604772200858e+01
5.484311712457228083e+01
5.422960737243913343e+01
5.362406968693851184e+01
5.302636872476573160e+01
5.273100656110354123e+01
5.243754502981117582e+01
5.176654025464031861e+01
5.143562601112643762e+01
5.110714647471170480e+01
5.078107924780542959e+01
5.045740234156532722e+01
4.981549036311297129e+01
4.949886874960217398e+01
4.918455925137718765e+01
4.856120733467968620e+01
4.819432360222143785e+01
4.783061332701930013e+01
4.711003729124408324e+01
4.675568174613967898e+01
4.640437410789596839e+01
4.605608097879731133e+01
4.571076822330647360e+01
4.536840112904684474e+01
4.502894465365226750e+01
4.435631918048808586e+01
4.402541904077254742e+01
4.369732274455277832e+01
4.337228358375223536e+01
4.305175269525308579e+01
4.273690009336530693e+01
4.242864419684475763e+01
4.176932774548431127e+01
4.115086249171913835e+01
4.085844155439080083e+01
4.057625796382388472e+01
4.004013120238570167e+01
3.978747587025714694e+01
3.954406842987245341e+01
3.928487629385420377e+01
3.903615785392582893e+01
3.879744145602357719e+01
3.856825926614472166e+01
3.834815260051827579e+01
3.813667508593395183e+01
3.793339479492173183e+01
3.773789569546074318e+01
3.736794880983081413e+01
3.698102208089500209e+01
3.679952461230853089e+01
3.662511903549813752e+01
3.645739367563899691e+01
3.629596586122851676e+01
3.599013954381426572e+01
3.570562831258170178e+01
3.544017561474784372e+01
3.519181829055269617e+01
3.494209488507790695e+01
3.470826092302301191e+01
3.448869189564134530e+01
3.438388512535075847e+01
3.428211792117388512e+01
3.407300013189203725e+01
3.387592788950726685e+01
3.378160172086153068e+01
3.368985837775993986e+01
3.359256059387107740e+01
3.349804566510026405e+01
3.331671087809444032e+01
3.314498841322321709e+01
3.306249560489634121e+01
3.298208148013313235e+01
3.282704820691249381e+01
3.250728815357258839e+01
3.235922082314847614e+01
3.221794240578106638e+01
3.208289514139654131e+01
3.193637626190267653e+01
3.179661853109785241e+01
3.166304800657820806e+01
3.141216735954746753e+01
3.129430849820559146e+01
3.117221555364246299e+01
3.105488686010989952e+01
3.094195715207768060e+01
3.083310146153483799e+01
3.072802968739294371e+01
3.051327720769673846e+01
3.041142904232882671e+01
3.030370128175335154e+01
3.019964553093004511e+01
3.009900854686689087e+01
2.990694929092211396e+01
2.980490091181168921e+01
2.970608880357433890e+01
2.961030125157814297e+01
2.951734867555339648e+01
2.933914555403612923e+01
2.915967238978489817e+01
2.907362822373356437e+01
2.898439101058983169e+01
2.889755228125310893e+01
2.881297656789146799e+01
2.863723531603950079e+01
2.847040356296865227e+01
2.838228635522334287e+01
2.829643463946605664e+01
2.813094627383655677e+01
2.805119068912739522e+01
2.797326375461035397e+01
2.780518421247752059e+01
2.764492757838315029e+01
2.756752880889177959e+01
2.748669750520714672e+01
2.733031969168853692e+01
2.724953753741141682e+01
2.717054977473604893e+01
2.709326973396679605e+01
2.701762063111370082e+01
2.685894935659766958e+01
2.670692712443251438e+01
2.654648269918772741e+01
2.646886165569867089e+01
2.639284148345044301e+01
2.631834996929397974e+01
2.623635547048177941e+01
2.607748057268150532e+01
2.592503987848476399e+01
2.575611584993713876e+01
2.567441847742909644e+01
2.559442965864267450e+01
2.543917502060254421e+01
2.536385164803445491e+01
2.528995232628685130e+01
2.511944700767076810e+01
2.495595800771549122e+01
2.479887273407567605e+01
2.464765801098503317e+01
2.450184464263477224e+01
2.436101613899513296e+01
2.422276196030929185e+01
2.408892602038071118e+01
2.395919292986595650e+01
2.383328949332114632e+01
2.359171071028020350e+01
2.347586791297106856e+01
2.336298773165901110e+01
2.314522237032013763e+01
2.304023947198211530e+01
2.293763373305199949e+01
2.283726032553949281e+01
2.273900722712101086e+01
2.264277035921184122e+01
2.254845276856304892e+01
2.236513817723676922e+01
2.227607928616793131e+01
2.218861085597320582e+01
2.210268372339916354e+01
2.201821138184127946e+01
2.185329648030972649e+01
2.169350998134161301e+01
2.153849178561875277e+01
2.138792838628198822e+01
2.124153767658727432e+01
2.109906477070293462e+01
2.096027853276842734e+01
2.082496865559544119e+01
2.075858189850447033e+01
2.069299287072530547e+01
2.056407673592725516e+01
2.043810787520787997e+01
2.031493779188595994e+01
2.019442946957767404e+01
2.007645619299236728e+01
1.996090051831734868e+01
1.984765336985637774e+01
1.973661324430563013e+01
1.952056073287000970e+01
1.941559579108273326e+01
1.931249481535035528e+01
1.911141898029353214e+01
1.901348896164859426e+01
1.891715698776251742e+01
1.872891330144653210e+01
1.854642550413100821e+01
1.836931515342118360e+01
1.828305575345910583e+01
1.819802999263874455e+01
1.803146090543461355e+01
1.786954097108952055e+01
1.779031878824602941e+01
1.771219171648389690e+01
1.755905295458581605e+01
1.741007826071458098e+01
1.726512930577604266e+01
1.712407468305661595e+01
1.698679009604101964e+01
1.685315488558069674e+01
1.672305180413379944e+01
1.655271171736183078e+01
1.646985398276053658e+01
1.638844870728697245e+01
1.622975480828569061e+01
1.607648499520836083e+01
1.592838327554883548e+01
1.585623283376161297e+01
1.578528077601247404e+01
1.564678451659728609e+01
1.551274303559953083e+01
1.538293673597309308e+01
1.531958284064847575e+01
1.525720885412561323e+01
1.513525466898077987e+01
1.501693686613507772e+01
1.490207617163264864e+01
1.479050349258541353e+01
1.468205985352473064e+01
1.457659598218979013e+01
1.442172410295523655e+01
1.427296185186104971e+01
1.420078419980908713e+01
1.412998114883871814e+01
1.399224524552756499e+01
1.385949780317042368e+01
1.379492838146705935e+01
1.373149088702150245e+01
1.360781898835387338e+01
1.348828200383136000e+01
1.337263938997418400e+01
1.326066795243493424e+01
1.315216088975619080e+01
1.309916394453823685e+01
1.304696143937750108e+01
1.294482083659734606e+01
1.284560721309185283e+01
1.274916521469288710e+01
1.265535052499980395e+01
1.256267304517123407e+01
1.247243483316639079e+01
1.229864510375741382e+01
1.221505134237334289e+01
1.217402434428806579e+01
1.213348882079426794e+01
1.205383115811807393e+01
1.197601186431864839e+01
1.182545935721190666e+01
1.175270192594170027e+01
1.168149764784128486e+01
1.161178584387393187e+01
1.154350940703292849e+01
1.141096469466921270e+01
1.130303306628053583e+01
1.125039464372845188e+01
1.119858999369388108e+01
1.109734349035079326e+01
1.099914712007523221e+01
1.090382744417813043e+01
1.081122596111530498e+01
1.072119763022804051e+01
1.063360188661460981e+01
1.053015616374321617e+01
1.047966931936747415e+01
1.042996177421924209e+01
1.033276212526116389e+01
1.023842935997161696e+01
1.014680863017374790e+01
1.005776036229382342e+01
9.971154850090655941e+00
9.886874677013906876e+00
9.817461769538518013e+00
9.749564272034117351e+00
9.683116464819521596e+00
9.618056270608445146e+00
9.491780890752114175e+00
9.430558266233076026e+00
9.370511198332925673e+00
9.299197709319713567e+00
9.229479899670478105e+00
9.161304981980334716e+00
9.094627031523508265e+00
9.007269079224265340e+00
8.922378844009221766e+00
8.839819057569394900e+00
8.759462927713052238e+00
8.699878833446422988e+00
8.641455957985026970e+00
8.527861883829197964e+00
8.472695660440818344e+00
8.418544078637928862e+00
8.313090203293858949e+00
8.210273970623022777e+00
8.160245523781732402e+00
8.111089800604872835e+00
8.046329058914363230e+00
7.983030847025758270e+00
7.921118079545486523e+00
7.860506048011070668e+00
7.771076356422663700e+00
7.727411440517663266e+00
7.684417933783005417e+00
7.613618265887518000e+00
7.544582769915864517e+00
7.477211194735611244e+00
7.411398117445225253e+00
7.333572831023897898e+00
7.295472395191823445e+00
7.257893940968515700e+00
7.183801638887057806e+00
7.111758440346959809e+00
7.041245699473266839e+00
6.972646319079369270e+00
6.905402980831075510e+00
6.872425470447402596e+00
6.839848034613502215e+00
6.775118523790216507e+00
6.711911756250338534e+00
6.650199795690798332e+00
6.589937240826087006e+00
6.530476362833243620e+00
6.501277994697679752e+00
6.472426031054960838e+00
6.424714868753868657e+00
6.377924064789918468e+00
6.286835054821028557e+00
6.250999449701577504e+00
6.215688561477095142e+00
6.146375828650325168e+00
6.078848092694987493e+00
6.028895530417232251e+00
5.979930581958934788e+00
5.907870437438432099e+00
5.872675460267958947e+00
5.837993671423630460e+00
5.762051501165562861e+00
5.702624713657947986e+00
5.644726010851498721e+00
5.601965087571854518e+00
5.560014590589685390e+00
5.518579899725800431e+00
5.477935341592150564e+00
5.398465232698375971e+00
5.359607477577746693e+00
5.321443247508197416e+00
5.246553178724805200e+00
5.209896974892910926e+00
5.173887050618223071e+00
5.126608765127521394e+00
5.085900413004424081e+00
5.046047691588587014e+00
5.006887832730027910e+00
4.968374958928778007e+00
4.924875898269847951e+00
4.861369885525243184e+00
4.825121914316369498e+00
4.789605581104688703e+00
4.739779449316280591e+00
4.681530692579103814e+00
4.643467275427739516e+00
4.587866603615498029e+00
4.551568141823079117e+00
4.498408450201890396e+00
4.446625937447408639e+00
4.421266560847119109e+00
4.371571267157136731e+00
4.335342324172983375e+00
4.299842347813139121e+00
4.276529251412488186e+00
4.253603604018906026e+00
4.238406780636225335e+00
4.230851063865094019e+00
4.223323210872955258e+00
4.215883794826084774e+00
4.208472437055294613e+00
4.193732137999926834e+00
4.179044981595755104e+00
4.171829015700507348e+00
4.164639990980663953e+00
4.157450637190986065e+00
4.150287797699898640e+00
4.136040017992694828e+00
4.129013084634346242e+00
4.122012196166897624e+00
4.108086951062769110e+00
4.094210838498211658e+00
4.087391810780097501e+00
4.080597754642495190e+00
4.067032973706619536e+00
4.053565355434414208e+00
4.046921605246183162e+00
4.040301960241844625e+00
4.033706139046968175e+00
4.027133864535736407e+00
4.020560794504876689e+00
4.014010897971840741e+00
4.001130281920843856e+00
3.988294257547564392e+00
3.981982725793798306e+00
3.975693797707630761e+00
3.963136957979465969e+00
3.950668055727396766e+00
3.938376977692267911e+00
3.932264014391809059e+00
3.926172340699700225e+00
3.914134309244214460e+00
3.902180573566042199e+00
3.890266708453784972e+00
3.884398501844095630e+00
3.878550644981874296e+00
3.866873379999388849e+00
3.855382237897187370e+00
3.849646063173024935e+00
3.843929424345022827e+00
3.838281060720543536e+00
3.832652047599020673e+00
3.821411509758629865e+00
3.810246245509663954e+00
3.799199928792969860e+00
3.793704445959493299e+00
3.788227061795547357e+00
3.777356120960620789e+00
3.766615161358032982e+00
3.761252612792610250e+00
3.755907503605905529e+00
3.745321082346487973e+00
3.734814689268740384e+00
3.724420660838675623e+00
3.719230899670338264e+00
3.714057607535564465e+00
3.703801790083598888e+00
3.693615314731710786e+00
3.683565433293869429e+00
3.673578123472642787e+00
3.668607863065415753e+00
3.663668847018918484e+00
3.653833582368860355e+00
3.644116239892206011e+00
3.634459112363902289e+00
3.624911254553641715e+00
3.615425914591405832e+00
3.606044023714878310e+00
3.596729360918653029e+00
3.587512123313285173e+00
3.578362036030516613e+00
3.569308418657323401e+00
3.560319262884470870e+00
3.555847802193168761e+00
3.551389386383412283e+00
3.542482157156318312e+00
3.533625628666267282e+00
3.524790223177246773e+00
3.516003503626489390e+00
3.507236342273479579e+00
3.498515933117576804e+00
3.489813583844427747e+00
3.481156129899925400e+00
3.472515300558865814e+00
3.463917582496001568e+00
3.455335113435252126e+00
3.451059513079185237e+00
3.446794140560752506e+00
3.438266997691636462e+00
3.429779600839331088e+00
3.421304867919298331e+00
3.412868292288681271e+00
3.404443164877510419e+00
3.396054663789978445e+00
3.387676442352852035e+00
3.379333370528118330e+00
3.370999453957485237e+00
3.366845238796002171e+00
3.362699354334765633e+00
3.354407233872666261e+00
3.346147458773538030e+00
3.337894711063537745e+00
3.329672996836391619e+00
3.321457604816540954e+00
3.313272512486854282e+00
3.305093321998113787e+00
3.296943722124051401e+00
3.288799624506446140e+00
3.280684431520177302e+00
3.272574360580942532e+00
3.268529999744482772e+00
3.264492647748664655e+00
3.256415577062447220e+00
3.248366101811175799e+00
3.240321040629359661e+00
3.232302948436404755e+00
3.224288939698685130e+00
3.216301290126983403e+00
3.208317407078070893e+00
3.200359288402856883e+00
3.192404631583814378e+00
3.184475157802927114e+00
3.176548852069664530e+00
3.168647159941310854e+00
3.152872742254421379e+00
3.145000592808963713e+00
3.137151947731542823e+00
3.129305640681400380e+00
3.121482295148493957e+00
3.113661023533445871e+00
3.105862176479849524e+00
3.098065143276822031e+00
3.090290002126467428e+00
3.074763399221954518e+00
3.067012475064424315e+00
3.059282385641998836e+00
3.051553341055535107e+00
3.043844604871120296e+00
3.036136661274824178e+00
3.028448506667224205e+00
3.020760899540404054e+00
3.013092569520552821e+00
2.997774552360507716e+00
2.990125379253544935e+00
2.982494480444087159e+00
2.974863434014320074e+00
2.967250170125205866e+00
2.959636539420169576e+00
2.952040205429314668e+00
2.944443291273284302e+00
2.936863193566370711e+00
2.929282307959303555e+00
2.921717763740196538e+00
2.914152229278682338e+00
2.906602565997778331e+00
2.899051715306091292e+00
2.891516270102413078e+00
2.876456876675826280e+00
2.868937476413571552e+00
2.861420474543135306e+00
2.853917731550092984e+00
2.846413148935651449e+00
2.838922372744172140e+00
2.823949479513931937e+00
2.816467854657054737e+00
2.808999140274841988e+00
2.801528069745532701e+00
2.794069465571480393e+00
2.786608340972994924e+00
2.779159240797286046e+00
2.764266618633144823e+00
2.756823582223355107e+00
2.749391691800211035e+00
2.741956809803552275e+00
2.734532636697187602e+00
2.727105321730660670e+00
2.719688279605369630e+00
2.712267948504579973e+00
2.704857454964350705e+00
2.690038383801894639e+00
2.682630284367768514e+00
2.675231153145647411e+00
2.667828309466456549e+00
2.660433999355531931e+00
2.653035841186507593e+00
2.645645781600550084e+00
2.630864758439722895e+00
2.616090402926861902e+00
2.608702897961860501e+00
2.601322181825570290e+00
2.593937100117223338e+00
2.586558368088867077e+00
2.571797243234591690e+00
2.557038272500758769e+00
2.549657082580361500e+00
2.542280913277293219e+00
2.534899896136731279e+00
2.527523451717498926e+00
2.512764178169537566e+00
2.505381813454387263e+00
2.498003116586761330e+00
2.483237979283075436e+00
2.472162885448821346e+00
2.461081691716953124e+00
2.453691507728236854e+00
2.446303372299244661e+00
2.438909666843728008e+00
2.431517537329019873e+00
2.416722460948356854e+00
2.401917539096999121e+00
2.394509783792581281e+00
2.387102154838366186e+00
2.379688541744421570e+00
2.372274559972042951e+00
2.363926733528193047e+00
2.355577765738745555e+00
2.348149703729428772e+00
2.340720198848603051e+00
2.325846082483245425e+00
2.310954734399201627e+00
2.303501603738829395e+00
2.296045455546484870e+00
2.288582720726445530e+00
2.281116426512576290e+00
2.273643450216145556e+00
2.266166363381243443e+00
2.251193413995751236e+00
2.236196807461459102e+00
2.221175203016667599e+00
2.213654704288704700e+00
2.206127787150418129e+00
2.191052078809143655e+00
2.175947216804841933e+00
2.160811766950620605e+00
2.153232751551415802e+00
2.145644816369012720e+00
2.138049362782211027e+00
2.130444328895964468e+00
2.122831685290738069e+00
2.115208785326967877e+00
2.107578184499251606e+00
2.099936634906971467e+00
2.084625743674660470e+00
2.069275040526918463e+00
2.061585796684339389e+00
2.053883420095334866e+00
2.046172978680521393e+00
2.038448637778089267e+00
2.022968403476656185e+00
2.009385700124140417e+00
1.993816500538124981e+00
1.978197157197104206e+00
1.970370713174505850e+00
1.962526308821648469e+00
1.954673301671595365e+00
1.946801426486040043e+00
1.938920855563872614e+00
1.931020480273463402e+00
1.915180816145793719e+00
1.899280842193836305e+00
1.883318338406072545e+00
1.875316896295897928e+00
1.867291585200010262e+00
1.851197075795688596e+00
1.835032936476407750e+00
1.818796639482247901e+00
1.810655664546885424e+00
1.802486151529265612e+00
1.794307076111529842e+00
1.786098183591736888e+00
1.777879627921066907e+00
1.769629925966809569e+00
1.753077868701651720e+00
1.736439573583940632e+00
1.719711893114450385e+00
1.711320541738613477e+00
1.702892160138704147e+00
1.694453592261037977e+00
1.685976362608421431e+00
1.668960328196675835e+00
1.651840960352170429e+00
1.634614385769672218e+00
1.625968771868566254e+00
1.617277190444205370e+00
1.599823865936921052e+00
1.582250607282231547e+00
1.564552757286851614e+00
1.555666827933072094e+00
1.546726089430045858e+00
1.537774105872842023e+00
1.528764806629668627e+00
1.510662815718663010e+00
1.492415084471811371e+00
1.474015592833296528e+00
1.464771555949361481e+00
1.455458689418769991e+00
1.436736220709843970e+00
1.417841761787121069e+00
1.398767738754120415e+00
1.389178997521620884e+00
1.379506858430314953e+00
1.360049027348859685e+00
1.340385856589063618e+00
1.320507568791956965e+00
1.310507196929486806e+00
1.300404515796608429e+00
1.280063818579092016e+00
1.259474217993530321e+00
1.238622692568202899e+00
1.228123203915588046e+00
1.217496078960101702e+00
1.196077327590611805e+00
1.174350793103476454e+00
1.152298446757917816e+00
1.129900589383417531e+00
1.107135625077710239e+00
1.083979794002007724e+00
1.060406854907883112e+00
1.036387705293638328e+00
1.011889923576270833e+00
9.868772127516125536e-01
9.613087183630880661e-01
9.351381842523751597e-01
9.083128962754059010e-01
8.807723450008720922e-01
8.524465094200499582e-01
8.232536156427129326e-01
7.930971148765602052e-01
7.618611913756331289e-01
7.294045808632196870e-01
6.955544805865374602e-01
6.600952952125391793e-01
6.323488275735817954e-01
5.933730424155411187e-01
5.517992384421896990e-01
5.069892909220318211e-01
4.579985242856054461e-01
4.033293737712835836e-01
3.404071209778696261e-01
2.645707054225017174e-01
2.121225694108003768e-01
1.698155168680342830e-01
1.371501897488187072e-01
1.124849262875421557e-01
9.456286513429271179e-02
8.227564083869016998e-02
6.450837697609512755e-02
5.119692526862069937e-02
4.063332322603014496e-02
3.224983853903006653e-02
2.559628817415866495e-02
2.031557467785398766e-02
1.612437611408339480e-02
1.279787295701817137e-02
1.015765408824562295e-02
