5.808593719453239088e-04
5.808597363107497608e-04
5.808602038791890222e-04
5.808610045804156984e-04
5.808621384135982061e-04
5.808637047191229398e-04
5.808657034949075808e-04
5.808685884743139925e-04
5.808749930578668364e-04
5.808891463943723337e-04
5.809191397335203809e-04
5.809902255980379506e-04
5.811634582395513310e-04
5.815854705249646085e-04
5.821546851639822825e-04
5.829646164487175359e-04
5.841941131311152724e-04
5.856013106870550143e-04
5.873602756264456994e-04
5.906406075650896250e-04
5.963954416941257171e-04
6.050783202839502906e-04
6.187354584493630306e-04
6.370926231605771950e-04
6.544284234975134007e-04
6.685752903365661240e-04
6.827253343285276648e-04
6.962303629999289914e-04
7.107235391111170952e-04
7.267280474914888759e-04
7.400883370534115137e-04
7.552002772501089723e-04
7.722795795808945181e-04
7.883880952364602122e-04
8.035644576031288847e-04
8.204506246205802138e-04
8.383058623353243678e-04
8.597870966618893079e-04
8.888433792988067192e-04
9.149290775954797188e-04
9.304094877459202469e-04
9.505050195717988605e-04
9.729872648059867358e-04
9.866821567532085141e-04
1.004303388943813147e-03
1.023588433275823394e-03
1.044745943784149709e-03
1.065623929504070635e-03
1.086047938462494271e-03
1.109927637337419304e-03
1.130013646716895338e-03
1.156442951179165960e-03
1.182865777818681817e-03
1.205448189627423596e-03
1.236331700692423589e-03
1.265120292827757705e-03
1.291621823448752936e-03
1.314818114817899262e-03
1.340663308735549246e-03
1.373652096167417942e-03
1.403255490734172869e-03
1.423585061188303771e-03
1.451728847654437746e-03
1.481069997886284243e-03
1.509170980810852890e-03
1.545280291926193292e-03
1.578987004127748936e-03
1.607975798637365211e-03
1.639281423428708357e-03
1.685158281165341412e-03
1.733149094117646853e-03
1.757372067197088055e-03
1.784553618817210068e-03
1.824454336563495916e-03
1.867256437180696890e-03
1.908641090142989844e-03
1.950959761835743302e-03
1.993949188751489333e-03
2.034331339224584520e-03
2.085247668329362047e-03
2.137507753704871380e-03
2.180415516492275815e-03
2.226934669531192498e-03
2.267122022656657254e-03
2.302108327648383010e-03
2.363757465745451505e-03
2.449375759349702204e-03
2.513451177434512709e-03
2.580232250264875241e-03
2.639613935557465988e-03
2.691430448871882236e-03
2.748712853431276981e-03
2.799216072581769792e-03
2.865448974867055611e-03
2.932691251503224353e-03
3.021846791183467607e-03
3.125013935485972377e-03
3.212552807587737598e-03
3.331613413753496938e-03
3.453053928848330047e-03
3.571925840324975503e-03
3.700069928561308414e-03
3.832052764179610070e-03
3.968721428516428645e-03
4.105755676809051506e-03
4.266736132538318134e-03
4.421633152547317994e-03
4.584269393983425936e-03
4.744340264666574783e-03
4.961889891203850010e-03
5.094129672724711198e-03
5.246933748308044501e-03
5.434881701770702227e-03
5.594618929649706161e-03
5.813099124415637906e-03
6.008120684305741886e-03
6.214486874215395355e-03
6.459719315946364608e-03
6.631650520565429523e-03
6.849507941572491321e-03
7.162583560310038094e-03
7.453284121912762128e-03
7.692272410501537275e-03
7.894411243618802698e-03
8.149636331101250616e-03
8.451647486570360024e-03
8.727009221948613116e-03
9.042373839960680254e-03
9.377444684652715134e-03
9.659782168247707870e-03
1.002055675709633345e-02
1.034816665968293393e-02
1.068308798679986661e-02
1.110195683247371112e-02
1.145601808141692886e-02
1.183738335247104360e-02
1.223700622561197347e-02
1.258973575388867318e-02
1.303298709805295226e-02
1.355275849102222790e-02
1.404998796546933458e-02
1.432263692798384398e-02
1.472759179193548935e-02
1.520978978440713260e-02
1.556510361380173367e-02
1.594815793693792408e-02
1.635748128924688696e-02
1.687497483281042918e-02
1.740930962497798037e-02
1.791349889291251468e-02
1.842516877482654192e-02
1.905546954202707796e-02
1.958148534988204265e-02
2.000520675941720727e-02
2.054934633866717722e-02
2.121212365226770105e-02
2.172233930140613292e-02
2.214806623454836781e-02
2.275650353204049237e-02
2.349510393072649223e-02
2.401331633968379828e-02
2.440074778852358711e-02
2.474681889993654571e-02
2.516952993108154124e-02
2.577922557636367143e-02
2.627754704859301335e-02
2.681060189631316593e-02
2.747648222957218764e-02
2.798825954136357694e-02
2.842753076091715167e-02
2.891997843311353358e-02
2.956707655984475158e-02
3.004799463802671974e-02
3.047628995184114772e-02
3.107262764633525465e-02
3.184833121795835331e-02
3.278352458616577009e-02
3.361933281965519965e-02
3.423428228695495762e-02
3.476652867127481145e-02
3.540791671043901079e-02
3.642396590188934358e-02
3.754312276682014032e-02
3.854932519962833704e-02
3.953902164538660585e-02
4.071532366473274572e-02
4.152600870665923427e-02
4.244704629115501199e-02
4.376734045064680639e-02
4.508182329003770916e-02
4.607630628903085224e-02
4.705241359631764930e-02
4.790044892143524580e-02
4.870519739145746235e-02
4.971314653404082518e-02
5.058862572500755217e-02
5.155654313160078911e-02
5.266382631589924812e-02
5.353754419801965564e-02
5.469805810704239657e-02
5.593676516114234193e-02
5.719358134200566018e-02
5.829064421043678862e-02
5.940294504368847511e-02
6.108838522447263691e-02
6.294283016354423888e-02
6.428944008079659489e-02
6.534107445111522749e-02
6.640477082364418249e-02
6.755984566029127336e-02
6.884004228576780238e-02
7.013763411985389495e-02
7.194960616867719649e-02
7.414217794275512752e-02
7.551239686779893934e-02
7.695903897593224519e-02
7.881270754307026505e-02
8.119298189465018467e-02
8.365776872702666844e-02
8.629352705541894208e-02
8.874484032417440105e-02
9.064969698348129823e-02
9.268312587571177208e-02
9.443257444436332915e-02
9.555196516129126072e-02
9.716013572233601903e-02
9.946402510198619484e-02
1.013142922301942944e-01
1.024992041094842099e-01
1.042030479267156834e-01
1.067869287810310763e-01
1.090637801011985764e-01
1.105146873033841098e-01
1.125894812252551808e-01
1.155895808836249067e-01
1.180196296394849798e-01
1.195696386619327367e-01
1.217884040547636132e-01
1.249936874842873663e-01
1.282706257750454437e-01
1.317289946054519267e-01
1.346849609116453628e-01
1.365666091055317000e-01
1.392537441270235710e-01
1.431564019167967106e-01
1.472813072701947557e-01
1.508295520601240225e-01
1.539959056321343056e-01
1.576845114300332029e-01
1.600279328453526329e-01
1.624022040479015383e-01
1.659685571968729789e-01
1.714340650505876140e-01
1.759409977938623804e-01
1.787941659904775937e-01
1.816889376798733469e-01
1.846259383480728655e-01
1.887946591751417103e-01
1.937066455789736297e-01
1.968193489611154423e-01
2.001452339658947310e-01
2.037527129500631973e-01
2.074195766866460122e-01
2.111468257965951334e-01
2.164083305641419652e-01
2.242418646768622736e-01
2.323370957345573806e-01
2.390699743057510263e-01
2.433202535949106904e-01
2.497815371514236216e-01
2.581884836329781940e-01
2.634580830661597539e-01
2.688281921208601766e-01
2.743007551386283938e-01
2.819765149136266857e-01
2.913837479370202099e-01
2.972925420463833346e-01
3.055809931445159777e-01
3.162199245847303053e-01
3.238513115359514805e-01
3.344327527507409137e-01
3.478692571586687876e-01
3.562232299402092184e-01
3.647643230058703612e-01
3.734952275083251449e-01
3.824187555984011611e-01
3.915379581622154825e-01
4.041922701639105719e-01
4.201915471856610407e-01
4.301734688633789827e-01
4.407583022225572966e-01
4.536599068570832949e-01
4.687080760235002863e-01
4.857694815024407031e-01
5.144253067855114603e-01
5.654372788513251091e-01
6.113104531999894453e-01
6.424596997336258219e-01
6.900932877952860034e-01
7.467276624860841316e-01
7.848223296127966320e-01
8.265594407307200742e-01
8.725747281130294963e-01
9.205577933995712225e-01
9.704872628641550980e-01
1.022342673725685547e+00
1.076100943946196598e+00
1.131735565208912497e+00
1.189216410481388708e+00
1.275876217326824102e+00
1.409257093882218426e+00
1.525413633919179057e+00
1.602868633208122784e+00
1.682350080699066774e+00
1.763833655328627126e+00
1.886191162069804861e+00
2.061028844620222955e+00
2.243288160790158248e+00
2.432714315372250358e+00
2.635742086819239827e+00
2.854067495502017771e+00
3.079453582767448072e+00
3.256175486719900647e+00
3.373637723507324715e+00
3.557633804302808844e+00
3.820355320288424394e+00
4.025324607868475901e+00
4.161506817540238323e+00
4.305351530294892370e+00
4.457495683396685671e+00
4.685091584839421230e+00
5.000047107716873995e+00
5.244264413902351762e+00
5.406400089433191170e+00
5.648680927355372638e+00
6.169123793287048407e+00
6.757764940335706960e+00
7.146109923290168808e+00
7.540227396676128180e+00
7.965567295366319911e+00
8.426113854623364929e+00
8.892536741993920302e+00
9.584634863203607580e+00
1.032155122584798335e+01
1.082492291200300194e+01
1.135132889276882473e+01
1.188126723314392308e+01
1.241459896505690885e+01
1.295122786494350287e+01
1.378411846814009145e+01
1.468376299392840778e+01
1.530227001916221674e+01
1.595337224399209219e+01
1.660751138070767752e+01
1.757447407870844103e+01
1.862110496999930120e+01
1.936101529467178750e+01
2.010361515745118410e+01
2.084922973480284369e+01
2.195116732185955399e+01
2.350530041501034972e+01
2.473809858196268863e+01
2.557595313989435937e+01
2.644250563619350203e+01
2.731156015103170986e+01
2.866235223080403927e+01
3.055637354471803491e+01
3.205275296189601164e+01
3.310084282974426628e+01
3.465053496947176370e+01
3.626356886907056776e+01
3.732375255070471098e+01
3.901012535423146943e+01
4.140037646006206273e+01
4.323026459375902419e+01
4.447330021481279516e+01
4.637495079409823973e+01
4.839344104182360695e+01
4.978384734174703397e+01
5.117745524222458897e+01
5.257673551238652010e+01
5.475818046027544028e+01
5.781809124714470727e+01
6.104359084484505615e+01
6.365725458238984658e+01
6.537616081596536333e+01
6.709931829916530432e+01
6.893058412163973969e+01
7.180595816771651130e+01
7.573546325015144021e+01
7.998011821288025658e+01
8.349470402546168657e+01
8.581687594932158447e+01
8.924441342408515254e+01
9.281116152646012551e+01
9.515783785772414660e+01
9.905681329490018072e+01
1.046906660113331355e+02
1.103670824189041042e+02
1.160860140920489556e+02
1.218456734208528331e+02
1.276431275391921361e+02
1.335291109497620141e+02
1.394953328876297007e+02
1.454900743883879670e+02
1.515235714199662311e+02
1.603949655799291065e+02
1.697947816768806888e+02
1.759571318928502137e+02
1.850191730502081953e+02
1.945844258661193180e+02
2.008944021768806181e+02
2.071876696223652630e+02
2.135076920071240636e+02
2.198532186877745858e+02
2.262228371717013431e+02
2.356746961872657664e+02
2.455206615182789847e+02
2.519738852103640454e+02
2.585058361356811361e+02
2.649929210997535733e+02
2.745622928593418237e+02
2.876161763821885415e+02
3.007964675701557553e+02
3.141213275454514360e+02
3.275917465242295066e+02
3.412086035722762745e+02
3.549727427276050662e+02
3.688849966454710056e+02
3.795884641329476494e+02
3.866556323782266418e+02
3.971572693757207730e+02
4.115185339153531459e+02
4.260310584491821260e+02
4.406956057348801323e+02
4.555129361312086189e+02
4.704838094070914849e+02
4.856089823107390089e+02
5.008892044705714284e+02
5.234752918292324466e+02
5.476668845423730545e+02
5.635753485225478698e+02
5.871254590344733515e+02
6.122567210613243560e+02
6.288051509671398662e+02
6.533330384601663354e+02
6.874125532376634737e+02
7.221501551761265318e+02
7.520670834543491310e+02
7.701603166603422324e+02
7.972160401767239364e+02
8.351828273413882471e+02
8.650897777399302413e+02
8.850087890778561359e+02
9.148892509387212613e+02
9.567823216520586129e+02
1.000097173090270076e+03
1.044874068268029305e+03
1.091159832965403666e+03
1.138978432957609130e+03
1.188351561037196689e+03
1.247711730909590187e+03
1.302283045393576231e+03
1.338804883905018642e+03
1.393821762428700367e+03
1.471154428616637915e+03
1.551299616886966533e+03
1.614311339064950971e+03
1.656459244186445176e+03
1.719904307311521734e+03
1.808286956157617851e+03
1.899315617074353213e+03
1.970330162847567181e+03
2.017776431955361659e+03
2.089104317286810328e+03
2.187766070775554454e+03
2.288879223238055602e+03
2.392407793190897792e+03
2.498326025460347864e+03
2.606613519751306285e+03
2.744622561128704092e+03
2.918135275006220127e+03
3.054091990064694073e+03
3.144890428640489063e+03
3.281368240970677107e+03
3.471129322624906308e+03
3.619245309610755157e+03
3.718166021320683285e+03
3.866837478931924579e+03
4.072736256623746613e+03
4.283932413188356804e+03
4.500336526759375374e+03
4.721877548652994847e+03
4.893517322481441624e+03
5.008047140094447968e+03
5.180029487793463886e+03
5.416446410738608392e+03
5.657625595013538259e+03
5.903510536871057411e+03
6.155565142596916303e+03
6.414678554855966468e+03
6.804168758355729551e+03
7.222258631504223558e+03
7.433192254716223943e+03
7.573889269612425778e+03
7.785052859237276607e+03
8.073754210067892018e+03
8.507359813861297880e+03
8.969486708112450287e+03
9.278088747891468302e+03
9.591734577013769012e+03
9.910451533004807061e+03
1.038949078811823529e+04
1.100935167058766092e+04
1.144832994619503734e+04
1.174107828269259335e+04
1.218054053262760863e+04
1.278662704632761051e+04
1.340631450773720644e+04
1.403972242587257460e+04
1.468700833184013391e+04
1.534703428440799689e+04
1.608841579927921703e+04
1.672479900158287637e+04
1.715019191861947183e+04
1.779009750682397134e+04
1.867369889637723099e+04
1.957882443195129599e+04
2.050630374979789121e+04
2.145614807718931843e+04
2.242923826761911914e+04
2.335387502197131471e+04
2.421137508938455721e+04
2.508284735884118345e+04
2.596810256276241489e+04
2.729704471982602627e+04
2.871187202301141224e+04
2.965283510473639035e+04
3.069906191548787319e+04
3.188154515162052485e+04
3.309381649997884961e+04
3.433853813152491057e+04
3.582888226948439114e+04
3.758224399783580884e+04
3.937514041742717382e+04
4.120740665654917393e+04
4.285914868480293080e+04
4.430795275271819264e+04
4.649360298240402335e+04
4.882364438591735961e+04
5.038434464229281002e+04
5.273710374429517833e+04
5.603488818012656702e+04
5.866099977557176317e+04
6.043255470912236342e+04
6.256469335155570298e+04
6.503712990838135738e+04
6.754359131167006854e+04
7.006853869434345688e+04
7.323578315097145969e+04
7.629099269993207417e+04
7.835619059417008248e+04
8.119232603404704423e+04
8.481055318177088338e+04
8.849066478873258166e+04
9.221410993272354244e+04
9.635870742856881407e+04
9.997943596262717620e+04
1.024251888123209355e+05
1.061612732648251695e+05
1.114244187461492838e+05
1.170419274593639711e+05
1.227068271796152258e+05
1.284261309492094588e+05
1.328472834613465529e+05
1.357676403206448886e+05
1.401015788538496417e+05
1.462117783282399178e+05
1.525664941385407001e+05
1.591278831443263334e+05
1.659733858567010902e+05
1.713060588722662069e+05
1.749176912353971566e+05
1.798973467812923482e+05
1.861539212838068779e+05
1.954322725325408101e+05
2.043896223618024087e+05
2.098011414011433080e+05
2.188518151775411388e+05
2.296939086087452597e+05
2.393591380935568013e+05
2.482263366808855499e+05
2.602102750016288774e+05
2.712596125628188020e+05
2.785683471242596861e+05
2.902607879082325962e+05
3.060502956187265809e+05
3.206571848566065892e+05
3.341279932305247057e+05
3.457721041164444177e+05
3.574131326386526925e+05
3.698208744631030131e+05
3.894542223409979488e+05
4.093823532309365692e+05
4.228548883885944379e+05
4.433652231140492950e+05
4.652372438167523942e+05
4.802385740540014231e+05
4.984048334397015278e+05
5.183391812404197408e+05
5.379211798442010768e+05
5.600542379628833150e+05
5.783655557373851771e+05
5.983100376767517300e+05
6.312615423764714506e+05
6.632708145289813401e+05
6.870772878469672287e+05
7.162139403884990606e+05
7.568205103734892327e+05
7.918570299330472481e+05
8.336045965584283695e+05
8.730933131334055215e+05
9.168388508126247907e+05
9.685121668567570159e+05
1.012699965423530550e+06
1.054001837759104092e+06
1.110624152829982340e+06
1.158286345796902198e+06
1.196116768038800452e+06
1.232696998790479731e+06
1.255688358662974788e+06
1.269578882593627321e+06
1.278829213648470351e+06
1.303566997190275230e+06
1.313119525740012527e+06
1.327432201171979774e+06
1.346698214449969586e+06
1.377714005186537746e+06
1.387660258443438914e+06
1.397645562813633587e+06
1.407670274881526595e+06
1.422689253747813869e+06
1.455195885396379745e+06
1.465580221356383292e+06
1.481137210540027125e+06
1.502064444764525164e+06
1.536025906851096312e+06
1.546814677567280130e+06
1.563016257679934148e+06
1.584791381664336426e+06
1.620233061476979172e+06
1.631471310142687289e+06
1.642728545870724833e+06
1.654004713104993803e+06
1.665320418747867923e+06
1.676675996930925176e+06
1.713482911182503449e+06
1.736862446729011601e+06
1.774661974493618589e+06
1.786685254209026461e+06
1.804736723333785543e+06
1.828977593093761476e+06
1.873876082461636048e+06
1.892683464993227040e+06
1.905202185110101243e+06
1.944117886457426939e+06
1.969864840683358954e+06
1.995722584340564907e+06
2.035176443129423773e+06
2.048427703386420850e+06
2.068318558713943698e+06
2.114450036563018803e+06
2.134954368736308999e+06
2.148633051330882125e+06
2.181043839522884227e+06
2.194981150409160648e+06
2.215899406717335340e+06
2.243956769412490074e+06
2.289399047583202831e+06
2.310966259806136601e+06
2.325318280862375163e+06
2.361612663993457798e+06
2.403906056731525809e+06
2.426178949520947412e+06
2.441034122798665892e+06
2.475448195835604332e+06
2.517062410135118756e+06
2.558550979318746366e+06
2.581711293037034571e+06
2.597156591664479114e+06
2.631051993523352314e+06
2.672726598283369560e+06
2.723936052604030818e+06
2.765316866825174075e+06
2.789665838293081615e+06
2.814906419728671666e+06
2.848161593044149224e+06
2.898192154751231428e+06
2.941653529021423776e+06
2.991082585281728767e+06
3.036748379427508451e+06
3.086296901116190944e+06
3.135095976385435555e+06
3.184599755243021995e+06
3.235066098834127653e+06
3.286211985605994239e+06
3.337447339945720509e+06
3.367406296435634140e+06
3.385751028667957056e+06
3.413256909741099924e+06
3.450053622924417257e+06
3.486898955641978886e+06
3.523792488427607808e+06
3.560731365687250625e+06
3.597715320788271725e+06
3.634741647984622046e+06
3.671810221192778554e+06
3.708918471873241477e+06
3.746066400985724293e+06
3.783251563407912850e+06
3.811238588133086916e+06
3.829844165613048244e+06
3.857731479104019701e+06
3.895024214815196116e+06
3.932349926486906130e+06
3.969708905257564969e+06
4.007098981981045566e+06
4.044520511238298379e+06
4.081971381773177534e+06
4.119451993102889508e+06
4.156960273947452661e+06
4.185184286511093378e+06
4.203944942863271572e+06
4.232058962036062963e+06
4.269647854653704911e+06
4.307261172925894149e+06
4.344911065628749318e+06
4.382733795897755772e+06
4.420732440170404501e+06
4.458907151476596482e+06
4.497260982638111338e+06
4.535794061225560494e+06
4.574509403018220328e+06
4.613407093074918725e+06
4.642791577008788474e+06
4.662365302754868753e+06
4.691758294175093994e+06
4.731214860899581574e+06
4.770859613123912364e+06
4.810695360841564834e+06
4.850721967687587254e+06
4.890942144117876887e+06
4.931355647570612840e+06
4.971965074707556516e+06
5.012770062355028465e+06
5.053773076787098311e+06
5.094973619814557955e+06
5.136374012570683844e+06
5.198509551645541564e+06
5.261776886852409691e+06
5.303980971163118258e+06
5.346386595153285190e+06
5.388995557002763264e+06
5.431806666020692326e+06
5.474821516647078097e+06
5.518038706693280488e+06
5.561459613456217572e+06
5.626623302039735951e+06
5.692937448465341702e+06
5.737167351719637401e+06
5.781597439928800799e+06
5.826229238426961005e+06
5.871062082696692087e+06
5.916098222512301058e+06
5.961337025538153015e+06
6.006780747210962698e+06
6.074974379888323136e+06
6.144345041238079779e+06
6.190613785787449218e+06
6.237090115679680370e+06
6.283776303804513998e+06
6.330671741057415493e+06
6.377778707524741068e+06
6.425096600429185666e+06
6.472627704660912976e+06
6.520371424761583097e+06
6.568330051752148196e+06
6.616502995683091693e+06
6.664892554147432558e+06
6.713498144071361050e+06
6.762322068482859060e+06
6.835595307724989951e+06
6.910095082863932475e+06
6.959810975275277160e+06
7.009736055943646468e+06
7.059883268090484664e+06
7.110254935945494100e+06
7.185853567437033169e+06
7.262721533766980283e+06
7.313997104967313819e+06
7.365500163232993335e+06
7.417233051617803052e+06
7.469195238556308672e+06
7.521389073822493665e+06
7.599725051480469294e+06
7.679365793649922125e+06
7.732492571288365871e+06
7.785854163100503385e+06
7.839452937890883535e+06
7.893288393363168463e+06
7.947362903304978274e+06
8.001675973637253977e+06
8.056229984780092724e+06
8.138111004801574163e+06
8.221343610896122642e+06
8.276868088212806731e+06
8.332636849403682165e+06
8.388652293044213206e+06
8.444913957369238138e+06
8.501424246084537357e+06
8.586243215312814340e+06
8.700762394164005294e+06
8.787731777304515243e+06
8.845750279648657888e+06
8.904022893985845149e+06
8.962552046871956438e+06
9.050402569409813732e+06
9.169007413784284145e+06
9.259074219719694927e+06
9.319159719211176038e+06
9.379507460707852617e+06
9.440119893407288939e+06
9.531098288075987250e+06
9.623552999942624941e+06
9.685231830822657794e+06
9.777811175766278058e+06
9.887357255683468655e+06
9.981704820926828310e+06
1.006099846025395207e+07
1.012458414595584385e+07
1.018844581344859116e+07
1.025258594091613963e+07
1.034885994366477430e+07
1.047881960604368895e+07
1.057749651431813464e+07
1.064332634283263981e+07
1.070944094558865391e+07
1.077584281647724099e+07
1.084666864505717158e+07
1.092205830884020030e+07
1.099363711009046808e+07
1.106126964011359215e+07
1.116278510330615193e+07
1.129981206836537831e+07
1.140384936663784832e+07
1.147325436196068488e+07
1.154295812471116334e+07
1.161296316597658768e+07
1.168326932135649398e+07
1.175387910245999694e+07
1.185986192954311706e+07
1.200291364628302865e+07
1.214719883961135149e+07
1.225674256768213585e+07
1.232981922158923559e+07
1.243950289440394193e+07
1.258754652271461859e+07
1.273686265572207235e+07
1.285022388621276058e+07
1.292584545142617635e+07
1.300179007814364694e+07
1.307806027605803497e+07
1.315465606713644974e+07
1.323157995850003138e+07
1.330883199460418336e+07
1.338641467965237610e+07
1.350285660527149960e+07
1.366001844301215187e+07
1.377933445822972059e+07
1.385892469415226020e+07
1.393885347481590509e+07
1.401912328651400842e+07
1.413959422599957697e+07
1.429217175737167895e+07
1.444559616532681137e+07
1.461080244550137222e+07
1.473622609236961417e+07
1.481988538115230389e+07
1.490389906221405230e+07
1.498826957558764331e+07
1.507299724979064427e+07
1.515808451290191524e+07
1.528577604727332667e+07
1.545812345686604455e+07
1.563193270195632614e+07
1.576389069253554195e+07
1.585190140922630392e+07
1.598397290983384661e+07
1.616223586511606351e+07
1.634200656490288489e+07
1.647849442158828862e+07
1.656952036582028493e+07
1.666092934745914117e+07
1.675272364670429006e+07
1.684490396587294340e+07
1.693747256073633581e+07
1.707636945791991055e+07
1.726385501026797667e+07
1.745291968319569528e+07
1.759647328491529450e+07
1.769219977507480979e+07
1.778832753100487217e+07
1.788485866327609494e+07
1.802968556385273486e+07
1.822518891518576816e+07
1.842233323871993646e+07
1.857203377187213302e+07
1.867184640272533894e+07
1.882158081136212870e+07
1.902372384781477228e+07
1.922755892695358023e+07
1.938235356124956161e+07
1.948554974312961474e+07
1.958917608984506130e+07
1.969323429315510765e+07
1.984931254089273512e+07
2.006004588071721047e+07
2.027253719184248522e+07
2.043392887890917063e+07
2.054150232276662067e+07
2.070282737946427241e+07
2.092067333839388192e+07
2.114033173302231357e+07
2.130719263479671255e+07
2.141839007893082500e+07
2.158511732503966242e+07
2.181029602147927135e+07
2.203734317168826982e+07
2.220985118716171384e+07
2.232478444108701870e+07
2.249707101408060268e+07
2.272980878122415021e+07
2.296447258722062781e+07
2.314281420002275705e+07
2.326159810853369534e+07
2.343960139459543675e+07
2.368013079332152754e+07
2.392264538440830261e+07
2.416716019716090336e+07
2.441369036244434118e+07
2.466225109189715981e+07
2.491285769413947314e+07
2.516552555162460357e+07
2.542027012949886173e+07
2.567710695742504671e+07
2.593605162157939002e+07
2.619711975824138895e+07
2.646032701922756061e+07
2.672568906567130610e+07
2.699322151686747372e+07
2.726293996246575192e+07
2.753486019799460098e+07
2.780900048051750287e+07
2.808538599616974965e+07
2.836404391229717433e+07
2.864499481184275076e+07
2.889452841892107949e+07
2.914155538715909794e+07
2.942878937436081842e+07
2.971832076000691950e+07
3.001010983275260776e+07
3.030402421947774664e+07
3.059954557102337852e+07
3.089419367829941958e+07
3.113789158435895294e+07
3.127718311999319121e+07
3.136649722022565827e+07
3.142178740211458132e+07
3.145549293062045053e+07
3.147553896832444146e+07
3.149089589191742614e+07
3.150525296233974770e+07
3.151387218512206525e+07
3.151930216576972604e+07
3.152272292274845392e+07
3.152487789766030759e+07
3.152623545983377099e+07
3.152709067548186332e+07
3.152762942934919521e+07
3.152808195268043131e+07
