prat          5.48e-01 
crat          8.07e+03 
reduced_c     8.07e+02 
Vmax          9.00e-01 
Tunit         1.00e+05 
Compt         0  
rotate_theta  0  
rotate_phi    0  
adv_flag:     1  
nzeta:        5  
npsi:         4  
taucell:      4.000000e+00  
source_flag:  1  
nfreq      :  1  
fre_ratio:    1.000000e+00  
nu_min:       0.000000e+00  
nu_max:       4.799247e-16  
iteration:    1  
red_or_black: 0  
err_limit:    1.000000e-06  
n_limit:      100  
tau_scheme    1  
 0   9.045340e-01   3.939436e-01   1.631768e-01    1.250000e-02
 1   9.045340e-01   1.631768e-01   3.939436e-01    1.250000e-02
 2   9.045340e-01   -1.631768e-01   3.939436e-01    1.250000e-02
 3   9.045340e-01   -3.939436e-01   1.631768e-01    1.250000e-02
 4   9.045340e-01   -3.939436e-01   -1.631768e-01    1.250000e-02
 5   9.045340e-01   -1.631768e-01   -3.939436e-01    1.250000e-02
 6   9.045340e-01   1.631768e-01   -3.939436e-01    1.250000e-02
 7   9.045340e-01   3.939436e-01   -1.631768e-01    1.250000e-02
 8   7.035265e-01   6.565726e-01   2.719613e-01    1.250000e-02
 9   7.035265e-01   2.719613e-01   6.565726e-01    1.250000e-02
10   7.035265e-01   -2.719613e-01   6.565726e-01    1.250000e-02
11   7.035265e-01   -6.565726e-01   2.719613e-01    1.250000e-02
12   7.035265e-01   -6.565726e-01   -2.719613e-01    1.250000e-02
13   7.035265e-01   -2.719613e-01   -6.565726e-01    1.250000e-02
14   7.035265e-01   2.719613e-01   -6.565726e-01    1.250000e-02
15   7.035265e-01   6.565726e-01   -2.719613e-01    1.250000e-02
16   5.025189e-01   7.987550e-01   3.308552e-01    1.250000e-02
17   5.025189e-01   3.308552e-01   7.987550e-01    1.250000e-02
18   5.025189e-01   -3.308552e-01   7.987550e-01    1.250000e-02
19   5.025189e-01   -7.987550e-01   3.308552e-01    1.250000e-02
20   5.025189e-01   -7.987550e-01   -3.308552e-01    1.250000e-02
21   5.025189e-01   -3.308552e-01   -7.987550e-01    1.250000e-02
22   5.025189e-01   3.308552e-01   -7.987550e-01    1.250000e-02
23   5.025189e-01   7.987550e-01   -3.308552e-01    1.250000e-02
24   3.015113e-01   8.808846e-01   3.648743e-01    1.250000e-02
25   3.015113e-01   3.648743e-01   8.808846e-01    1.250000e-02
26   3.015113e-01   -3.648743e-01   8.808846e-01    1.250000e-02
27   3.015113e-01   -8.808846e-01   3.648743e-01    1.250000e-02
28   3.015113e-01   -8.808846e-01   -3.648743e-01    1.250000e-02
29   3.015113e-01   -3.648743e-01   -8.808846e-01    1.250000e-02
30   3.015113e-01   3.648743e-01   -8.808846e-01    1.250000e-02
31   3.015113e-01   8.808846e-01   -3.648743e-01    1.250000e-02
32   1.005038e-01   9.192016e-01   3.807458e-01    1.250000e-02
33   1.005038e-01   3.807458e-01   9.192016e-01    1.250000e-02
34   1.005038e-01   -3.807458e-01   9.192016e-01    1.250000e-02
35   1.005038e-01   -9.192016e-01   3.807458e-01    1.250000e-02
36   1.005038e-01   -9.192016e-01   -3.807458e-01    1.250000e-02
37   1.005038e-01   -3.807458e-01   -9.192016e-01    1.250000e-02
38   1.005038e-01   3.807458e-01   -9.192016e-01    1.250000e-02
39   1.005038e-01   9.192016e-01   -3.807458e-01    1.250000e-02
40   -1.005038e-01   9.192016e-01   3.807458e-01    1.250000e-02
41   -1.005038e-01   3.807458e-01   9.192016e-01    1.250000e-02
42   -1.005038e-01   -3.807458e-01   9.192016e-01    1.250000e-02
43   -1.005038e-01   -9.192016e-01   3.807458e-01    1.250000e-02
44   -1.005038e-01   -9.192016e-01   -3.807458e-01    1.250000e-02
45   -1.005038e-01   -3.807458e-01   -9.192016e-01    1.250000e-02
46   -1.005038e-01   3.807458e-01   -9.192016e-01    1.250000e-02
47   -1.005038e-01   9.192016e-01   -3.807458e-01    1.250000e-02
48   -3.015113e-01   8.808846e-01   3.648743e-01    1.250000e-02
49   -3.015113e-01   3.648743e-01   8.808846e-01    1.250000e-02
50   -3.015113e-01   -3.648743e-01   8.808846e-01    1.250000e-02
51   -3.015113e-01   -8.808846e-01   3.648743e-01    1.250000e-02
52   -3.015113e-01   -8.808846e-01   -3.648743e-01    1.250000e-02
53   -3.015113e-01   -3.648743e-01   -8.808846e-01    1.250000e-02
54   -3.015113e-01   3.648743e-01   -8.808846e-01    1.250000e-02
55   -3.015113e-01   8.808846e-01   -3.648743e-01    1.250000e-02
56   -5.025189e-01   7.987550e-01   3.308552e-01    1.250000e-02
57   -5.025189e-01   3.308552e-01   7.987550e-01    1.250000e-02
58   -5.025189e-01   -3.308552e-01   7.987550e-01    1.250000e-02
59   -5.025189e-01   -7.987550e-01   3.308552e-01    1.250000e-02
60   -5.025189e-01   -7.987550e-01   -3.308552e-01    1.250000e-02
61   -5.025189e-01   -3.308552e-01   -7.987550e-01    1.250000e-02
62   -5.025189e-01   3.308552e-01   -7.987550e-01    1.250000e-02
63   -5.025189e-01   7.987550e-01   -3.308552e-01    1.250000e-02
64   -7.035265e-01   6.565726e-01   2.719613e-01    1.250000e-02
65   -7.035265e-01   2.719613e-01   6.565726e-01    1.250000e-02
66   -7.035265e-01   -2.719613e-01   6.565726e-01    1.250000e-02
67   -7.035265e-01   -6.565726e-01   2.719613e-01    1.250000e-02
68   -7.035265e-01   -6.565726e-01   -2.719613e-01    1.250000e-02
69   -7.035265e-01   -2.719613e-01   -6.565726e-01    1.250000e-02
70   -7.035265e-01   2.719613e-01   -6.565726e-01    1.250000e-02
71   -7.035265e-01   6.565726e-01   -2.719613e-01    1.250000e-02
72   -9.045340e-01   3.939436e-01   1.631768e-01    1.250000e-02
73   -9.045340e-01   1.631768e-01   3.939436e-01    1.250000e-02
74   -9.045340e-01   -1.631768e-01   3.939436e-01    1.250000e-02
75   -9.045340e-01   -3.939436e-01   1.631768e-01    1.250000e-02
76   -9.045340e-01   -3.939436e-01   -1.631768e-01    1.250000e-02
77   -9.045340e-01   -1.631768e-01   -3.939436e-01    1.250000e-02
78   -9.045340e-01   1.631768e-01   -3.939436e-01    1.250000e-02
79   -9.045340e-01   3.939436e-01   -1.631768e-01    1.250000e-02
